367.6 0.00570983649
367.7 0.00538017761
367.8 0.00588691939
367.9 0.00568291895
368.0 0.0058281029799999995
368.1 0.0049662549299999996
368.1 0.0055808583
368.2 0.00468489283
368.3 0.00592847581
368.4 0.0056425537299999995
368.5 0.005040322579999999
368.6 0.005240560680000001
368.7 0.00512917933
368.7 0.0056981841
368.8 0.00493811726
368.9 0.00507928642
369.0 0.00498722025
369.1 0.00509411692
369.2 0.0047352561300000005
369.2 0.00484306032
369.3 0.00460433421
369.4 0.00460489961
369.5 0.00452322738
369.6 0.004542426259999999
369.7 0.00555186772
369.7 0.00474959418
369.8 0.0053905127
369.9 0.00542732749
370.0 0.00508312403
370.1 0.0054396556900000005
370.2 0.00499940483
370.2 0.00499762018
370.3 0.00551143771
370.4 0.00475854776
370.5 0.00526284667
370.6 0.0049780380699999995
370.7 0.00456968774
370.8 0.00480657864
370.8 0.005319148940000001
370.9 0.004561200919999999
371.0 0.00473987779
371.1 0.00423437858
371.2 0.00468785731
371.3 0.00451951867
371.3 0.00451620187
371.4 0.00521689821
371.5 0.00490887547
371.6 0.004823602
371.7 0.0047817625800000004
371.8 0.00546569994
371.8 0.00479669809
371.9 0.0054599602899999995
372.0 0.00464756003
372.1 0.00516625447
372.2 0.0051164816
372.3 0.00430494251
372.4 0.00478027052
372.4 0.0039763568
372.5 0.00411344447
372.6 0.00447222372
372.7 0.0045657195
372.8 0.0044078598
372.9 0.00466274572
372.9 0.00462004142
373.0 0.00497644132
373.1 0.00491580379
373.2 0.00485791893
373.3 0.00448056684
373.4 0.005303384810000001
373.4 0.00433570765
373.5 0.0049390338
373.6 0.0043724279799999995
373.7 0.00410909651
373.8 0.00478420195
373.9 0.0047715736
373.9 0.00429249571
374.0 0.00362501259
374.1 0.00453217847
374.2 0.00458327106
374.3 0.0039716030400000005
374.4 0.00343368997
374.4 0.00456349206
374.5 0.00410099313
374.6 0.0044085231400000004
374.7 0.00380729243
374.8 0.00471308488
374.9 0.0043880798500000005
375.0 0.00400966184
375.0 0.00416846342
375.1 0.0043014864
375.2 0.00471608232
375.3 0.00428673494
375.4 0.00421940928
375.5 0.0042660093900000005
375.5 0.00393682336
375.6 0.0038667598399999997
375.7 0.00407055631
375.8 0.00415858054
375.9 0.0031420386300000003
376.0 0.00408669299
376.0 0.00396605792
376.1 0.00379532672
376.2 0.00389792866
376.3 0.00381402107
376.4 0.00402059993
376.5 0.00387143243
376.5 0.0038154232900000002
376.6 0.00378450579
376.7 0.00373150904
376.8 0.0040251238499999994
376.9 0.00403297288
377.0 0.00356325884
377.0 0.00399841821
377.1 0.0034431659700000002
377.2 0.00367647059
377.3 0.00379523009
377.4 0.00403606698
377.5 0.00411469718
377.6 0.00401383492
377.6 0.0033258005400000003
377.7 0.00300669095
377.8 0.00312790599
377.9 0.00400489018
378.0 0.00390264373
378.1 0.00308294796
378.1 0.0041172801
378.2 0.00345502227
378.3 0.0034627751699999997
378.4 0.0035805416099999997
378.5 0.00348075348
378.6 0.0033771412299999997
378.6 0.00317990949
378.7 0.00381555447
378.8 0.00406782392
378.9 0.00324987963
379.0 0.0027646446000000003
379.1 0.0037530943100000003
379.1 0.0036221788799999997
379.2 0.00344445324
379.3 0.00396903368
379.4 0.00355618777
379.5 0.00368945757
379.6 0.0032019993
379.6 0.0036533229699999997
379.7 0.00352549202
379.8 0.0031297090500000003
379.9 0.00348966522
380.0 0.00332048395
380.1 0.00337293982
380.1 0.0030336354300000003
380.2 0.00336687599
380.3 0.00384470411
380.4 0.0034142497999999997
380.5 0.00376009828
380.6 0.0037539490800000005
380.6 0.0032363663399999996
380.7 0.0027281106
380.8 0.0033531080699999998
380.9 0.00323684114
381.0 0.0030817771599999997
381.1 0.00316732197
381.1 0.00315526058
381.2 0.00301884047
381.3 0.0028174101499999996
381.4 0.00334737069
381.5 0.00322130355
381.6 0.0031838120800000004
381.6 0.00330314331
381.7 0.00278954802
381.8 0.0035734503299999997
381.9 0.00339826233
382.0 0.00311210574
382.1 0.0034073919499999997
382.1 0.0029528242900000003
382.2 0.00269151139
382.3 0.00268262485
382.4 0.00299116247
382.5 0.0033408331600000003
382.6 0.00322624465
382.6 0.0028674560599999998
382.7 0.0029989554200000003
382.8 0.00309941717
382.9 0.00257818255
383.0 0.00258835241
383.1 0.0029346050000000003
383.2 0.00300290281
383.2 0.0030050855300000003
383.3 0.00287308874
383.4 0.0032673332
383.5 0.00264274062
383.6 0.00345220648
383.7 0.0031608824699999997
383.7 0.00302211934
383.8 0.0029154519
383.9 0.00297153082
384.0 0.00282611457
384.1 0.00275342596
384.2 0.0028296188
384.2 0.0025486926199999997
384.3 0.0029632431799999997
384.4 0.00307460626
384.5 0.00346517654
384.6 0.0025136544199999998
384.7 0.0031599491899999997
384.7 0.0029591270600000004
384.8 0.00234604106
384.9 0.00288750998
385.0 0.0028131975700000002
385.1 0.00296942702
385.2 0.00276192789
385.2 0.0032038688199999997
385.3 0.0025570061999999998
385.4 0.00276608539
385.5 0.0026964676300000002
385.6 0.00264047944
385.7 0.00285120285
385.7 0.0030802950000000003
385.8 0.0027079531400000002
385.9 0.0025394200700000003
386.0 0.00238955589
386.1 0.0025581395299999997
386.2 0.00272605997
386.2 0.00268553278
386.3 0.0026490829
386.4 0.0028438469500000002
386.5 0.00234245558
386.6 0.0028032036599999997
386.6 0.00287724696
386.7 0.00247341787
386.8 0.0026588222
386.9 0.00280962014
387.0 0.00288119947
387.1 0.00262408576
387.1 0.00255427842
387.2 0.00278071297
387.3 0.00266030388
387.4 0.00277984202
387.5 0.0028423202199999997
387.6 0.00257520136
387.6 0.0026249589899999997
387.7 0.0026589250300000002
387.8 0.0025222391
387.9 0.00276183256
388.0 0.00221837463
388.1 0.00259844629
388.1 0.00247867804
388.2 0.0023419203699999998
388.3 0.00278396437
388.4 0.00250970861
388.5 0.0025574099
388.6 0.00236356952
388.6 0.0024819082
388.7 0.0025978074499999997
388.8 0.00270791022
388.9 0.00277893206
389.0 0.0023775681600000003
389.1 0.00234053498
389.1 0.0026589624899999997
389.2 0.00230881712
389.3 0.00272542028
389.4 0.00213208792
389.5 0.00259648592
389.6 0.0025723797
389.6 0.0023477109800000002
389.7 0.00249569493
389.8 0.00246587626
389.9 0.00246391239
390.0 0.00252337836
390.1 0.0023572744
390.1 0.00245935909
390.2 0.00259416069
390.3 0.00269574807
390.4 0.0026816187200000004
390.5 0.00252586584
390.6 0.00212580926
390.6 0.00248858392
390.7 0.00230891337
390.8 0.00230133046
390.9 0.00252820378
391.0 0.00230568101
391.1 0.00259326228
391.1 0.00244603291
391.2 0.0023389326
391.3 0.00243320498
391.4 0.00263059
391.5 0.0025345568
391.5 0.0023819532
391.6 0.00225639117
391.7 0.0023839281600000002
391.8 0.00249734079
391.9 0.0023219458400000003
392.0 0.00234498931
392.0 0.0024840149
392.1 0.0021738633
392.2 0.00241475029
392.3 0.0022708692899999997
392.4 0.0023087892400000002
392.5 0.0021927345900000002
392.5 0.0024683601099999997
392.6 0.00231351497
392.7 0.00246079506
392.8 0.00242410764
392.9 0.00208814644
393.0 0.00267811691
393.0 0.00215801991
393.1 0.00230870712
393.2 0.0022619465899999997
393.3 0.00209739792
393.4 0.00236225639
393.5 0.00225699342
393.5 0.00223161088
393.6 0.00219704476
393.7 0.00236869872
393.8 0.00227991311
393.9 0.00223003688
393.9 0.0019869672
394.0 0.00217502559
394.1 0.00220638153
394.2 0.00243778352
394.3 0.00253447948
394.4 0.0022104332400000003
394.4 0.0021717794
394.5 0.00229573203
394.6 0.00219757221
394.7 0.0019967137400000003
394.8 0.0020584260300000002
394.9 0.00245274852
394.9 0.00220673156
395.0 0.00220905506
395.1 0.00228846979
395.2 0.0018428650399999998
395.3 0.00226239733
395.4 0.00217311832
395.4 0.00255401954
395.5 0.00232685187
395.6 0.00210688384
395.7 0.0023640661900000003
395.8 0.0024659181999999997
395.8 0.0019835306799999997
395.9 0.00238867767
396.0 0.00240762481
396.1 0.00193389245
396.2 0.00202297948
396.3 0.0022213922
396.3 0.00212080748
396.4 0.002585599
396.5 0.00226182584
396.6 0.0021133860700000002
396.7 0.0019206891200000001
396.8 0.00220720634
396.8 0.00224974041
396.9 0.00209906024
397.0 0.00211514056
397.1 0.00192840095
397.2 0.00232833314
397.2 0.00224599338
397.3 0.00214555604
397.4 0.00215855945
397.5 0.00245848935
397.6 0.00220036485
397.7 0.0021861631
397.7 0.00196920538
397.8 0.00231624171
397.9 0.00217512549
398.0 0.00227099272
398.1 0.0021029124399999997
398.2 0.00229880796
398.2 0.00221987902
398.3 0.0023186912300000003
398.4 0.00196872125
398.5 0.00202754539
398.6 0.00222961366
398.6 0.00226877687
398.7 0.00231728733
398.8 0.00230218436
398.9 0.00230314461
399.0 0.00244070003
399.1 0.00216500983
399.1 0.00227806777
399.2 0.00216396023
399.3 0.0020698023
399.4 0.00232691344
399.5 0.0020874964300000003
399.6 0.00213397827
399.6 0.0022620436199999997
399.7 0.00236845361
399.8 0.00219181956
399.9 0.0024455469899999998
400.0 0.00218960202
400.0 0.00262936475
400.1 0.00230101454
400.2 0.00239117534
400.3 0.00236172614
400.4 0.0023060651200000003
400.5 0.00250635231
400.5 0.00234977021
400.6 0.00207771692
400.7 0.00220567963
400.8 0.0025633085599999998
400.9 0.00249611051
400.9 0.00240667725
401.0 0.0022671871499999998
401.1 0.002377354
401.2 0.00220227003
401.3 0.00253481141
401.4 0.0021329541399999997
401.4 0.00221986782
401.5 0.00235575224
401.6 0.00230626535
401.7 0.002359043
401.8 0.00256337226
401.8 0.00244200244
401.9 0.00244348404
402.0 0.00260953394
402.1 0.00242002321
402.2 0.00253903352
402.3 0.00253869867
402.3 0.0026265246199999996
402.4 0.00253794639
402.5 0.00245954056
402.6 0.00256242859
402.7 0.0026329561099999997
402.8 0.0025567584199999997
402.8 0.0026394682000000004
402.9 0.00278265964
403.0 0.0026741868
403.1 0.0026613761699999998
403.2 0.00280966914
403.2 0.0029081444099999998
403.3 0.0028488194300000003
403.4 0.0025420070700000004
403.5 0.0028983186500000004
403.6 0.00285546584
403.7 0.00302904697
403.7 0.0027894887000000004
403.8 0.0030566993999999997
403.9 0.00316180539
404.0 0.00292554874
404.1 0.0032308395499999996
404.1 0.00300257589
404.2 0.0030815672
404.3 0.0031410488
404.4 0.0030211005000000003
404.5 0.0031293244399999997
404.6 0.00326663944
404.6 0.00328870096
404.7 0.0031161384800000003
404.8 0.0033233476899999998
404.9 0.0031712966599999996
405.0 0.00323987539
405.0 0.00349324639
405.1 0.0031818464
405.2 0.0032418914100000003
405.3 0.00313377999
405.4 0.00352714671
405.4 0.00355806109
405.5 0.00341626325
405.6 0.0035451781
405.7 0.00351252291
405.8 0.00369634947
405.9 0.00368660786
405.9 0.0034687885099999997
406.0 0.00398685252
406.1 0.00387237855
406.2 0.00352325652
406.3 0.00368947894
406.3 0.00402238016
406.4 0.00392540232
406.5 0.00396932792
406.6 0.00374486773
406.7 0.0042617459699999995
406.8 0.00420866596
406.8 0.00432705985
406.9 0.004367007480000001
407.0 0.0044819679
407.1 0.00444861037
407.2 0.00465026446
407.2 0.00482805604
407.3 0.00489102327
407.4 0.00486571226
407.5 0.0052362990899999995
407.6 0.00547695116
407.6 0.00546754108
407.7 0.0056110458299999996
407.8 0.00619322268
407.9 0.006170118999999999
408.0 0.00605298555
408.1 0.0065325091
408.1 0.00699331328
408.2 0.00728669266
408.3 0.00736387763
408.4 0.007958713269999999
408.5 0.00829446064
408.5 0.00839266076
408.6 0.00901279469
408.7 0.00955160903
408.8 0.00972913848
408.9 0.010626946589999998
409.0 0.011205364819999999
409.0 0.01212461167
409.1 0.01264571936
409.2 0.013794476520000001
409.3 0.014657677389999998
409.4 0.01519378514
409.4 0.01663485914
409.5 0.01809381451
409.6 0.01900833475
409.7 0.02106084243
409.8 0.022216232319999998
409.8 0.02471744402
409.9 0.02623927381
410.0 0.02799983082
410.1 0.030065433210000003
410.2 0.03273469963
410.2 0.03546298113
410.3 0.03826150516
410.4 0.04171155918
410.5 0.04376352342
410.6 0.047764653319999996
410.7 0.0510883928
410.7 0.05615391054
410.8 0.06007636237
410.9 0.06422566525
411.0 0.06967480465
411.1 0.07377887059
411.1 0.07952066709
411.2 0.08432536942
411.3 0.08949856003000001
411.4 0.09481268011999999
411.5 0.10052472829999999
411.5 0.10585057519999999
411.6 0.11222991970000001
411.7 0.1192626652
411.8 0.1249897224
411.9 0.130683443
412.0 0.1369541805
412.0 0.1431493958
412.1 0.15244391840000002
412.2 0.1577703208
412.3 0.1642428847
412.4 0.17199566449999998
412.4 0.17918588870000002
412.5 0.1884423132
412.6 0.19496021219999998
412.7 0.2040659192
412.8 0.2128730915
412.8 0.22190496710000002
412.9 0.2313420776
413.0 0.239225006
413.1 0.2520682177
413.2 0.2620077456
413.2 0.2739762572
413.3 0.2836521786
413.4 0.29852360099999997
413.5 0.3096790471
413.6 0.3267293754
413.6 0.33866875659999995
413.7 0.3560817455
413.8 0.3682180338
413.9 0.38592801299999996
414.0 0.40352683399999995
414.1 0.4168741392
414.1 0.4389752294
414.2 0.45200316290000003
414.3 0.4725273276
414.4 0.489246038
414.5 0.5066955779
414.5 0.5248762425
414.6 0.5441815865
414.7 0.5615903583
414.8 0.5776204003000001
414.9 0.5935283283
414.9 0.6132917911
415.0 0.6279633831
415.1 0.646503328
415.2 0.6629821321999999
415.3 0.6764702063
415.3 0.6925891328
415.4 0.7062342651
415.5 0.7157482452
415.6 0.7265464416999999
415.7 0.7390198230999999
415.7 0.7481260339000001
415.8 0.7581256771
415.9 0.7657129607000001
416.0 0.7728996592999999
416.1 0.7851046823
416.1 0.790292958
416.2 0.7943056661
416.3 0.7992441227
416.4 0.8020555327
416.5 0.8067643339999999
416.5 0.8117025900999999
416.6 0.8096432801
416.7 0.8112678926
416.8 0.8122804785
416.9 0.8130982111999999
416.9 0.8176447469999999
417.0 0.8216212785
417.1 0.8178295554999999
417.2 0.8214773763
417.3 0.8216116335
417.4 0.8185657732
417.4 0.8179708096999999
417.5 0.8163922062000001
417.6 0.8208455104
417.7 0.8192872804
417.8 0.8181533999
417.8 0.8203983344
417.9 0.8208416834000001
418.0 0.8214607755
418.1 0.8218328268
418.2 0.8221984367999999
418.2 0.8236712874
418.3 0.8236267496
418.4 0.8223336428
418.5 0.8284617765
418.6 0.8284139666
418.6 0.8286344753
418.7 0.8316802658
418.8 0.8330845433999999
418.9 0.835707596
419.0 0.8374122441
419.0 0.8368322365
419.1 0.8439491619
419.2 0.8483265646
419.3 0.8487600376000001
419.4 0.8517767736999999
419.4 0.8570591181
419.5 0.8572571261999999
419.6 0.8623751523
419.7 0.8604642706
419.8 0.8688498674999999
419.8 0.871155847
419.9 0.8739135698
420.0 0.877804943
420.1 0.8833213856000001
420.2 0.8827815848
420.2 0.8864798701
420.3 0.8935508464999999
420.4 0.8971103857
420.5 0.8965666838999999
420.6 0.9003067114
420.6 0.9053123076999999
420.7 0.9036392272
420.8 0.9051567482999999
420.9 0.9068406028
421.0 0.9070262342
421.0 0.9076581176
421.1 0.9124739327
421.2 0.9127331614
421.3 0.9102995201
421.4 0.9103085385999999
421.4 0.9134097964
421.5 0.9108883718
421.6 0.9128546025
421.7 0.9119696464
421.8 0.9137155739
421.8 0.911541169
421.9 0.9069886276
422.0 0.9084527988000001
422.1 0.9105468564
422.1 0.9047929456999999
422.2 0.8991756424999999
422.3 0.9056668561
422.4 0.9025448339000001
422.5 0.8957525762999999
422.5 0.8921950184
422.6 0.8962506481
422.7 0.890931387
422.8 0.8937798139
422.9 0.8891191222
422.9 0.8886690690000001
423.0 0.8843712231
423.1 0.8827876148
423.2 0.8822357862
423.3 0.8794922789
423.3 0.8751913079000001
423.4 0.8759727796
423.5 0.8740896603999999
423.6 0.8755438902999999
423.7 0.8704204344
423.7 0.8731141425
423.8 0.8707912262
423.9 0.8740693195999999
424.0 0.8721339262
424.1 0.865762108
424.1 0.8662066255
424.2 0.8680580365
424.3 0.8666051022000001
424.4 0.8695340087
424.5 0.8657275692
424.5 0.8712063338
424.6 0.8707979312999999
424.7 0.8692773646
424.8 0.8728074225
424.9 0.8675987031
424.9 0.8710048419
425.0 0.8727527702000001
425.1 0.8751553223999999
425.2 0.8759868987999999
425.2 0.8718039772999999
425.3 0.8778004307
425.4 0.8762698858
425.5 0.8786593175
425.6 0.8712450256
425.6 0.8769295762
425.7 0.8804842703
425.8 0.8749388795
425.9 0.8762625113999999
426.0 0.8789988623
426.0 0.8800408603
426.1 0.8792702963000001
426.2 0.8732972949000001
426.3 0.8820559266
426.4 0.8803722256000001
426.4 0.8795205269999999
426.5 0.8819972474
426.6 0.8814381365
426.7 0.8835788189999999
426.8 0.8845568077999999
426.8 0.8844997466
426.9 0.8805811083999999
427.0 0.8879519698
427.1 0.8810248718
427.1 0.8822560955000001
427.2 0.8851621575999999
427.3 0.883916318
427.4 0.8831847148
427.5 0.8834449075999999
427.5 0.8813147361
427.6 0.8829058592
427.7 0.8865011568
427.8 0.8836458806999999
427.9 0.8827323301
427.9 0.8831895883
428.0 0.8855992815
428.1 0.8803985611
428.2 0.8839896407000001
428.3 0.8835996376
428.3 0.8853141142
428.4 0.8863608832
428.5 0.8824145535
428.6 0.884968483
428.6 0.8865256026999999
428.7 0.885789034
428.8 0.8861531709
428.9 0.8866314241000001
429.0 0.8895202782
429.0 0.8857124100999999
429.1 0.88501887
429.2 0.8908414487
429.3 0.8892007601
429.4 0.8884344393000001
429.4 0.8900314817999999
429.5 0.8933086312
429.6 0.890409171
429.7 0.8908684042999999
429.7 0.8900642032
429.8 0.8943104400999999
429.9 0.8973675946999999
430.0 0.8932370903
430.1 0.8939469087999999
430.1 0.8953275457
430.2 0.8961899325
430.3 0.8957753442
430.4 0.8992575510999999
430.5 0.9045777264999999
430.5 0.8995559179
430.6 0.8979256302
430.7 0.900751429
430.8 0.9026346547999999
430.8 0.9014787785999999
430.9 0.9060578139000001
431.0 0.9049596038
431.1 0.9079586845000001
431.2 0.9069926119
431.2 0.9086306319999999
431.3 0.9072480133
431.4 0.9111883356
431.5 0.9083222546999999
431.6 0.9091747202
431.6 0.9095847967
431.7 0.9120896565
431.8 0.9086716453
431.9 0.9124839534
431.9 0.9138976166
432.0 0.9145986018000001
432.1 0.9137178405999999
432.2 0.9183472856
432.3 0.9123124895
432.3 0.9158477888000001
432.4 0.9178833079000001
432.5 0.9138664063
432.6 0.9133085423999999
432.6 0.9166387188999999
432.7 0.9192348119
432.8 0.9207597144999999
432.9 0.9182445955999999
433.0 0.9169508903000001
433.0 0.9187340501
433.1 0.9213349225
433.2 0.9172264174999999
433.3 0.9204752243000001
433.4 0.9194825216
433.4 0.9193278707
433.5 0.9193935879
433.6 0.922717286
433.7 0.917982743
433.7 0.9212622134999999
433.8 0.9230920820999999
433.9 0.9218892576000001
434.0 0.9202836292000001
434.1 0.9217070065999999
434.1 0.9226577496999999
434.2 0.9190823
434.3 0.9144849872999999
434.4 0.9183413602
434.4 0.9189598041000001
434.5 0.9205881447
434.6 0.9230634978000001
434.7 0.9207760380000001
434.8 0.9214275479
434.8 0.9212538852000001
434.9 0.9207055653
435.0 0.9202480899
435.1 0.9192343604
435.1 0.9223090677000001
435.2 0.9241774696
435.3 0.9195979386
435.4 0.9221826518
435.5 0.9227669302
435.5 0.9233119119
435.6 0.9229913221
435.7 0.9246020009999999
435.8 0.9196622927
435.8 0.9222331785
435.9 0.918864612
436.0 0.9183338234
436.1 0.9209517045
436.2 0.9210697052000001
436.2 0.9211404644
436.3 0.9181628646
436.4 0.9205055241
436.5 0.9196682057
436.5 0.9156870448
436.6 0.9162004415
436.7 0.9163056837000001
436.8 0.9170160358
436.9 0.9148363242
436.9 0.9133236604
437.0 0.9156511804999999
437.1 0.9121199083
437.2 0.9106389799
437.2 0.9160229729
437.3 0.9069426871999999
437.4 0.9052738458
437.5 0.9058096045
437.5 0.9073274146
437.6 0.9026193807999999
437.7 0.9056789877
437.8 0.8998088863
437.9 0.8988246003
437.9 0.8983830292
438.0 0.894979336
438.1 0.8951373331000001
438.2 0.8919145082
438.2 0.8890068308
438.3 0.8929186386000001
438.4 0.8892862406
438.5 0.8856775661999999
438.6 0.8890624538999999
438.6 0.8887558516999999
438.7 0.8835675422
438.8 0.8810122371999999
438.9 0.879101648
438.9 0.8790508581
439.0 0.8789431716999999
439.1 0.8807027818000001
439.2 0.8748044427
439.2 0.8733829032
439.3 0.8707224334999999
439.4 0.8735565203
439.5 0.8689225341
439.6 0.8673323409
439.6 0.8652477488
439.7 0.8600356438
439.8 0.8646302932000001
439.9 0.8647105349
439.9 0.8616025475
440.0 0.8619867066000001
440.1 0.8602934824999999
440.2 0.8597217431
440.2 0.862608257
440.3 0.8611251260999999
440.4 0.8570352074
440.5 0.8580197603999999
440.6 0.855275287
440.6 0.8621589761
440.7 0.85398639
440.8 0.8528133099
440.9 0.8514202172
441.0 0.8578433427000001
441.0 0.8571667433000001
441.1 0.8583263598
441.2 0.8644096274
441.3 0.8611204152999999
441.3 0.8608288379
441.4 0.8660177138999999
441.5 0.855171267
441.6 0.8601087904000001
441.7 0.8563561077
441.7 0.8736605095000001
441.8 0.8651638835
441.9 0.8729431368
442.0 0.86781514
442.1 0.8752127527
442.1 0.8645811895
442.2 0.8766075342
442.3 0.8706551767
442.4 0.8724103913000001
442.5 0.8728667541999999
442.5 0.8709915828
442.6 0.8667183104
442.7 0.8761486707999999
442.8 0.8809748492
442.9 0.8732302420000001
442.9 0.8846956735
443.0 0.8862921348
443.1 0.8794481639
443.2 0.8821847298000001
443.3 0.8912593794
443.3 0.8964376175
443.4 0.8959241011
443.5 0.898101369
443.6 0.8921418188
443.7 0.9018387438000001
443.7 0.9002150712
443.8 0.9025238634999999
443.9 0.9026473446
444.0 0.9005214601
444.0 0.9074059151
444.1 0.9076674085
444.2 0.9068739705
444.3 0.9118429539
444.4 0.9041068421
444.4 0.9122138934999999
444.5 0.9125702810999999
444.6 0.9162932138
444.7 0.9097448534
444.8 0.9113878719999999
444.8 0.9129412702
444.9 0.9137649077000001
445.0 0.9202886993
445.1 0.9189641434000001
445.2 0.9143083317
445.2 0.9169202798
445.3 0.9280095352
445.4 0.9197599115
445.5 0.9189477006
445.6 0.9216555217
445.6 0.9172213956
445.7 0.9221646835999999
445.8 0.9260207094999999
445.9 0.9163138915000001
445.9 0.9155519049
446.0 0.9172213956
446.1 0.9183266152999999
446.2 0.9212102235
446.3 0.9142400499
446.3 0.917993039
446.4 0.9140113825999999
446.5 0.9087209301999999
446.6 0.9190198366
446.7 0.9227391085
446.7 0.9132856314
446.8 0.9070872781999999
446.9 0.9128673918
447.0 0.9078612717
447.1 0.9064892103
447.1 0.9152542373
447.2 0.9120190644999999
447.3 0.9113048823
447.4 0.9003279189
447.4 0.9116225547000001
447.5 0.9062559421999999
447.6 0.9049380361999999
447.7 0.9050091630999999
447.8 0.9068848973
447.8 0.9060469383
447.9 0.9053956698000001
448.0 0.8972932046
448.1 0.8971181013
448.2 0.9036112687000001
448.2 0.9019910421999999
448.3 0.8948515596
448.4 0.9037193353
448.5 0.8954429621
448.6 0.8983445324999999
448.6 0.8886534315
448.7 0.8938541240000001
448.8 0.8990860053999999
448.9 0.8941834452
449.0 0.9026492537
449.0 0.8929670410999999
449.1 0.8894865706999999
449.2 0.8948927817000001
449.3 0.8912979133000001
449.3 0.8899797011
449.4 0.8903371118
449.5 0.8935448174
449.6 0.8904436608999999
449.7 0.8868549961
449.7 0.8856724611
449.8 0.8908977556000001
449.9 0.8859588164000001
450.0 0.8872695153
450.1 0.8885811131
450.1 0.890816588
450.2 0.8876761335000001
450.3 0.8899632847
450.4 0.8895987732999999
450.4 0.8875131622000001
450.5 0.8860828291
450.6 0.8894979804
450.7 0.8902332679
450.8 0.8845987454
450.8 0.8826316355999999
450.9 0.8860841424
451.0 0.8863416209
451.1 0.8883453237000001
451.2 0.889035998
451.2 0.8879041229000001
451.3 0.8822900709
451.4 0.8862680824
451.5 0.8854362725999999
451.6 0.8841843088
451.6 0.8898274750999999
451.7 0.8795048241000001
451.8 0.8824779513
451.9 0.8819615573999999
451.9 0.8892860935
452.0 0.8924434053
452.1 0.8856870431
452.2 0.882552804
452.3 0.8938596800999999
452.3 0.8837339884
452.4 0.8897306397
452.5 0.889619474
452.6 0.8865307545000001
452.7 0.8853454292
452.7 0.8893409842
452.8 0.8886963153
452.9 0.8869670711000001
453.0 0.8884748006
453.0 0.8878759626
453.1 0.8856520838
453.2 0.8982175058999999
453.3 0.8882413793
453.4 0.8932279988
453.4 0.8857142857
453.5 0.8879135951000001
453.6 0.8943956647
453.7 0.8933392723
453.8 0.8919636475
453.8 0.8992426059999999
453.9 0.890468056
454.0 0.8923547401
454.1 0.8902248489
454.1 0.8990778863
454.2 0.8888476714
454.3 0.8920360555000001
454.4 0.8952906151000001
454.5 0.8930088317
454.5 0.8950210970000001
454.6 0.8963648603
454.7 0.895224974
454.8 0.8965180824
454.9 0.9038169485
454.9 0.8971247075
455.0 0.9070219541
455.1 0.9006713203
455.2 0.8981968195000001
455.2 0.8969374168
455.3 0.9033333333
455.4 0.8958056368
455.5 0.9059160369
455.6 0.8994735274
455.6 0.9011529948
455.7 0.9062304166
455.8 0.8978281521
455.9 0.9050144966000001
455.9 0.9000359465
456.0 0.90491481
456.1 0.9083944366
456.2 0.905104499
456.3 0.9083683508
456.3 0.907799107
456.4 0.9131057376
456.5 0.9095368024
456.6 0.9093882574
456.7 0.9086858250000001
456.7 0.9072894779
456.8 0.9167151821
456.9 0.9146282197
457.0 0.9057433625
457.0 0.9176875341999999
457.1 0.9110356754
457.2 0.9174860227
457.3 0.9142501675
457.4 0.9167677671
457.4 0.9158330679
457.5 0.9183965868999999
457.6 0.9206647952
457.7 0.916687761
457.7 0.9220775095
457.8 0.9206976083
457.9 0.9252422266000001
458.0 0.9314516129
458.1 0.9147159825
458.1 0.9209117814
458.2 0.9217282011000001
458.3 0.9214672885
458.4 0.9243681689000001
458.5 0.9233602847
458.5 0.9214672806
458.6 0.9211192747
458.7 0.9324612585
458.8 0.9245083724
458.8 0.9249829011999999
458.9 0.9226510793999999
459.0 0.9307056777
459.1 0.9296359411
459.2 0.9298142232
459.2 0.9312967658
459.3 0.930677093
459.4 0.9250253293
459.5 0.9304862267
459.5 0.9313539047
459.6 0.9288628486
459.7 0.9299363057
459.8 0.9282542793
459.9 0.9292534855
459.9 0.9264343327
460.0 0.9251172422
460.1 0.9228482146
460.2 0.9224536687
460.2 0.9260472594
460.3 0.9228956432
460.4 0.9286102719
460.5 0.9330204391
460.6 0.9261548666999999
460.6 0.923428709
460.7 0.9244042975000001
460.8 0.9321047234
460.9 0.9304043663
460.9 0.9200155252000001
461.0 0.9201384744000001
461.1 0.9254985201
461.2 0.9220833210000001
461.3 0.9216703952
461.3 0.9156330482
461.4 0.9242676333
461.5 0.9252555177
461.6 0.9266251113
461.7 0.9160415380000001
461.7 0.9256071228
461.8 0.9153140438
461.9 0.9218400283
462.0 0.9198016316000001
462.0 0.9158153558
462.1 0.917675047
462.2 0.9167977168
462.3 0.918997669
462.4 0.9180198598
462.4 0.9202784574
462.5 0.9178930836000001
462.6 0.9188148839
462.7 0.9122183708999999
462.7 0.9145725744000001
462.8 0.9166907974999999
462.9 0.9167052827000001
463.0 0.9152249134999999
463.0 0.9161609156
463.1 0.91289884
463.2 0.9150148163
463.3 0.9198520702
463.4 0.9160510794
463.4 0.9086272599999999
463.5 0.9127095572
463.6 0.9104072657000001
463.7 0.9114653131999999
463.7 0.9122926802000001
463.8 0.9107741239
463.9 0.9076953634999999
464.0 0.9108500737999999
464.1 0.9091988802000001
464.1 0.9119710342
464.2 0.9123673515
464.3 0.9161749344000001
464.4 0.9125246271
464.4 0.9092568156
464.5 0.9101186636
464.6 0.9102412688
464.7 0.9126346719
464.8 0.9114224982
464.8 0.906455386
464.9 0.9126593603
465.0 0.911517205
465.1 0.9200490292000001
465.1 0.9052771031
465.2 0.9085923218
465.3 0.9110803324
465.4 0.9088068575
465.5 0.9169291121
465.5 0.9088271861
465.6 0.9101262689
465.7 0.9136525656000001
465.8 0.9154771364
465.8 0.9135396093999999
465.9 0.9124914113
466.0 0.9082999209
466.1 0.9129199672
466.2 0.9071778140000001
466.2 0.9109909023999999
466.3 0.9126411756999999
466.4 0.9119120209
466.5 0.9129362671
466.5 0.9118994065
466.6 0.9182427482
466.7 0.9117044229
466.8 0.9125265620999999
466.8 0.9113244998000001
466.9 0.9180261670000001
467.0 0.9182261783
467.1 0.9178439061
467.2 0.9134311572999999
467.2 0.9147379942
467.3 0.9102840561
467.4 0.9108023786
467.5 0.9204251805
467.5 0.9094632806
467.6 0.9098232917
467.7 0.9119572935
467.8 0.9088385374000001
467.9 0.9181551163
467.9 0.9178064211
468.0 0.9120801135000001
468.1 0.9076159373
468.2 0.9095537742
468.2 0.9152729859000001
468.3 0.9150978027
468.4 0.9138818488
468.5 0.9177140767
468.5 0.9127335172
468.6 0.913120475
468.7 0.9189322788
468.8 0.9142232744000001
468.9 0.9079235748000001
468.9 0.9100932118
469.0 0.9077423183000001
469.1 0.9113786969000001
469.2 0.9145888182999999
469.2 0.9095543369000001
469.3 0.9083838176000001
469.4 0.9099664454999999
469.5 0.913782495
469.5 0.9142798586
469.6 0.9081523402
469.7 0.9114136659000001
469.8 0.9076457422
469.9 0.9062436651
469.9 0.9114385500000001
470.0 0.9077238551000001
470.1 0.9036880077
470.2 0.9085051873000001
470.2 0.9035913968
470.3 0.9066186107
470.4 0.9087583875999999
470.5 0.9093885362999999
470.5 0.9069615809
470.6 0.9052826505999999
470.7 0.9087679799999999
470.8 0.9022312979
470.9 0.9061292654
470.9 0.9071745654
471.0 0.9027388772
471.1 0.9078486422000001
471.2 0.9110956591
471.2 0.9060376146
471.3 0.9025216687
471.4 0.8995132983
471.5 0.9092900747999999
471.5 0.9083169291000001
471.6 0.9043738648
471.7 0.91046021
471.8 0.9009477747
471.9 0.9090241754
471.9 0.9104177891
472.0 0.9115970744
472.1 0.9035185906
472.2 0.908282298
472.2 0.9135131181
472.3 0.9086021504999999
472.4 0.9114712009
472.5 0.9075856758
472.5 0.9052147535
472.6 0.9143381997
472.7 0.9141748789
472.8 0.9162971175
472.8 0.9158294477
472.9 0.9111254418999999
473.0 0.9093602887
473.1 0.9137675972
473.2 0.9185431572999999
473.2 0.9177287425999999
473.3 0.9153577454
473.4 0.9172944839
473.5 0.9154138012999999
473.5 0.9208296746000001
473.6 0.9180095459000001
473.7 0.9215222227
473.8 0.9193300735
473.8 0.9195221185
473.9 0.9242139399
474.0 0.9259503044
474.1 0.9194632443999999
474.1 0.9248515571999999
474.2 0.9245941577000001
474.3 0.9259285116
474.4 0.925949205
474.5 0.9334857035999999
474.5 0.9254708685999999
474.6 0.9272188527
474.7 0.9297590613
474.8 0.9311103902000001
474.8 0.9292511663999999
474.9 0.9290546759999999
475.0 0.9276551724
475.1 0.9252802279
475.1 0.9255182829
475.2 0.9319147958
475.3 0.9311007411
475.4 0.9350307085999999
475.4 0.9294547948
475.5 0.9308379685
475.6 0.9369075085
475.7 0.9324622202
475.8 0.9331543501999999
475.8 0.9325368939
475.9 0.9337802337
476.0 0.9332609875
476.1 0.9328686472
476.1 0.9312461910000001
476.2 0.9379180979999999
476.3 0.9368323585
476.4 0.9293874246999999
476.4 0.9365125805
476.5 0.9329389003999999
476.6 0.9313101904
476.7 0.9364737067
476.7 0.9305208147
476.8 0.9340988964
476.9 0.9355724168999999
477.0 0.9315931193
477.0 0.9277357192
477.1 0.9287078153
477.2 0.929516398
477.3 0.9330873198999999
477.4 0.9305115186
477.4 0.9276282433
477.5 0.9306135987
477.6 0.9323071462999999
477.7 0.9272135187
477.7 0.9302315316
477.8 0.9337703037
477.9 0.9262935493000001
478.0 0.9270422041
478.0 0.9256693052
478.1 0.9230398492999999
478.2 0.930126982
478.3 0.9263815746
478.3 0.9227110064
478.4 0.9243453382
478.5 0.9177440347
478.6 0.9247440645
478.6 0.9273303796000001
478.7 0.9220366122999999
478.8 0.9239900857000001
478.9 0.9229836527
478.9 0.9156009678
479.0 0.9212871287
479.1 0.9239434179
479.2 0.9190372931
479.2 0.9227348885000001
479.3 0.9131020042
479.4 0.9162525703
479.5 0.9197389536999999
479.6 0.9155191187
479.6 0.9166737813
479.7 0.9093959732000001
479.8 0.9061436351000001
479.9 0.9142059738
479.9 0.9131494193999999
480.0 0.9099446694
480.1 0.903944462
480.2 0.9088208024
480.2 0.9059839864999999
480.3 0.9068771517
480.4 0.9010158131999999
480.5 0.9042577724
480.5 0.9046595132
480.6 0.907954071
480.7 0.9005496215
480.8 0.9019693201
480.8 0.9014221743
480.9 0.9049308192
481.0 0.9037780033999999
481.1 0.8980517471999999
481.1 0.8991968699
481.2 0.8995699677000001
481.3 0.8990897163
481.4 0.9061484679999999
481.4 0.8996189618
481.5 0.8977924312000001
481.6 0.9008732012999999
481.7 0.896225646
481.7 0.8993052018000001
481.8 0.8931199934999999
481.9 0.8950711226999999
482.0 0.8950456191
482.0 0.8930252288
482.1 0.9036560965
482.2 0.8954385680999999
482.3 0.8959977452
482.3 0.8944278587
482.4 0.8934630038
482.5 0.8910962326
482.6 0.8898706468
482.6 0.8971682264999999
482.7 0.895007269
482.8 0.894095147
482.9 0.8971289963
482.9 0.8922010193
483.0 0.8913507531
483.1 0.8990084902
483.2 0.8896799953
483.2 0.8920315046999999
483.3 0.8888039366
483.4 0.8953351395999999
483.5 0.8894529267
483.5 0.895134015
483.6 0.8940724264000001
483.7 0.8934244766
483.8 0.8979719311
483.9 0.8975223031999999
483.9 0.8970665219
484.0 0.8914271394
484.1 0.8927336976
484.2 0.8987334429
484.2 0.8986782441
484.3 0.8928159816
484.4 0.8944234929
484.5 0.8945194477
484.5 0.8964177734000001
484.6 0.895737393
484.7 0.8970013535
484.8 0.8992485494
484.8 0.9007297886000001
484.9 0.8993711883000001
485.0 0.89587693
485.1 0.8987787208
485.1 0.8956213731
485.2 0.9036235153
485.3 0.9028865476
485.4 0.9052647373
485.4 0.9042593079
485.5 0.9069129071
485.6 0.8993032977
485.7 0.9057860465
485.7 0.8996805584
485.8 0.9048473636
485.9 0.9045655429999999
485.9 0.9008488151999999
486.0 0.9048615316999999
486.1 0.9069074591999999
486.2 0.9045897488
486.2 0.9013021118000001
486.3 0.906946193
486.4 0.9045917065000001
486.5 0.9131799927
486.5 0.9098014979
486.6 0.905040968
486.7 0.9163544211999999
486.8 0.9076419885
486.8 0.9107614852
486.9 0.9092183792
487.0 0.9118930862000001
487.1 0.9148661491
487.1 0.9131889764000001
487.2 0.9103734884000001
487.3 0.9172550631999999
487.4 0.9128548825999999
487.4 0.9140184589
487.5 0.914295321
487.6 0.9156863439999999
487.7 0.916203385
487.7 0.9145991859999999
487.8 0.9228421351999999
487.9 0.9210767873000001
488.0 0.9192172515
488.0 0.9174173118
488.1 0.9144162277
488.2 0.9157025083000001
488.3 0.9197394684
488.3 0.9215641834999999
488.4 0.9222754595000001
488.5 0.9152010812
488.6 0.9197838736
488.6 0.9216732417
488.7 0.9202559301
488.8 0.9200946361
488.9 0.9253132746
488.9 0.9243500043
489.0 0.9268615877
489.1 0.9244843418
489.2 0.9204679160000001
489.2 0.9273540143
489.3 0.9243198148
489.4 0.9257213744
489.5 0.9264003806
489.5 0.9309108213999999
489.6 0.9275943795
489.7 0.9263342436
489.8 0.9242388601
489.8 0.9279492076
489.9 0.9254031582000001
490.0 0.9225545972
490.0 0.9263845603
490.1 0.9324639419
490.2 0.9291538653000001
490.3 0.929020486
490.3 0.9283204614
490.4 0.9341061521999999
490.5 0.9287751636
490.6 0.9255598608
490.6 0.9285153181
490.7 0.9259459018
490.8 0.9284792446
490.9 0.9271620213999999
490.9 0.9256984057
491.0 0.9285679576
491.1 0.9297337638000001
491.2 0.9319777411
491.2 0.9256181076
491.3 0.9317368743
491.4 0.9298625826999999
491.5 0.9261705163
491.5 0.9310538656999999
491.6 0.9281993749
491.7 0.9325059177
491.8 0.931632913
491.8 0.9286146016
491.9 0.9284079349
492.0 0.9347438753
492.0 0.9281678773
492.1 0.9238089246
492.2 0.9275298345999999
492.3 0.9254202671
492.3 0.9210436958
492.4 0.9273357638
492.4 0.9312604049
492.5 0.9326156157
492.6 0.9307200971
492.7 0.9286196963000001
492.7 0.9261971031999999
492.8 0.926486716
492.9 0.9188551714000001
493.0 0.9219758136
493.0 0.9255467249
493.1 0.9277376124
493.2 0.9263444162000001
493.3 0.9272468904
493.3 0.9246011636999999
493.4 0.9263126648
493.5 0.9270216619
493.6 0.9247811482999999
493.7 0.9243457684
493.7 0.9198980742
493.8 0.9214646116
493.9 0.9246511305999999
494.0 0.9248938887
494.0 0.9226937397
494.1 0.9232300352999999
494.2 0.9204638893000001
494.3 0.9190887667
494.3 0.9238192843
494.4 0.9174005621000001
494.5 0.9176741898999999
494.6 0.9220942266000001
494.6 0.9224461384
494.7 0.9172707961000001
494.8 0.9234234234
494.9 0.9208221536000001
494.9 0.916194543
495.0 0.9239413873
495.1 0.9160180117
495.2 0.9192172604
495.2 0.9166777586000001
495.3 0.9195479056000001
495.4 0.9150398589
495.5 0.9173915212999999
495.5 0.9187361547999999
495.6 0.9125867194999999
495.7 0.9149996699
495.8 0.919499727
495.8 0.9171500818
495.9 0.9159863611
496.0 0.9122449984
496.1 0.9130783064000001
496.1 0.913417581
496.2 0.9156129830999999
496.3 0.9128013029000001
496.4 0.9170536951
496.4 0.9134582568
496.5 0.9151075391000001
496.6 0.9113239911
496.7 0.9088207745
496.7 0.9077971893
496.8 0.9132863971
496.9 0.9091421667
497.0 0.9128244618
497.0 0.9124082903999999
497.1 0.9108793515000001
497.2 0.9062006979999999
497.3 0.9038596045
497.4 0.9125602016000001
497.4 0.9099740003
497.5 0.9079341911000001
497.6 0.9105862572
497.7 0.9050418840000001
497.7 0.9048234756
497.8 0.903007507
497.9 0.8998838049
498.0 0.9077713511000001
498.0 0.9012436334
498.1 0.9057740769
498.2 0.9025967939
498.3 0.9032826236
498.3 0.9059358172
498.4 0.9023760652
498.5 0.9070937003999999
498.6 0.904296784
498.6 0.9057349114000001
498.7 0.9013253646
498.8 0.9007207124
498.9 0.9024473095000001
498.9 0.9012899952
499.0 0.9034053348000001
499.1 0.9031362199999999
499.2 0.904185562
499.2 0.8963582017
499.3 0.9022871567
499.4 0.8982230877
499.5 0.9030508888
499.5 0.8973859887000001
499.6 0.9001849269000001
499.7 0.8958097737
499.8 0.9018773391
499.8 0.9015669429000001
499.9 0.9022316042999999
500.0 0.8992928077000001
500.1 0.8992420262999999
500.1 0.9005810200000001
500.2 0.8974228577
500.3 0.9030910235
500.4 0.89769551
500.4 0.8975273418999999
500.5 0.8986882418000001
500.6 0.8999317648999999
500.7 0.9066837243000001
500.7 0.9004869097
500.8 0.9015739304
500.9 0.8965766457
501.0 0.9010883954000001
501.0 0.8936323000999999
501.1 0.8998914096
501.2 0.8986236452
501.3 0.8988594603
501.3 0.9041896862000001
501.4 0.8994788331
501.5 0.8990158198
501.6 0.8977568436
501.6 0.9010770191999999
501.7 0.9014544031
501.8 0.9026766456
501.9 0.8981652169000001
501.9 0.8984868136999999
502.0 0.9044130397000001
502.1 0.9018661982
502.2 0.9023019887
502.2 0.9034528324
502.3 0.9034011849
502.4 0.9076360508000001
502.5 0.9070709673999999
502.5 0.9049879197999999
502.6 0.9083454758
502.7 0.9070307051000001
502.8 0.9072434894
502.8 0.906015891
502.9 0.9051166216
503.0 0.9071546146
503.1 0.9087980103
503.1 0.9038450688
503.2 0.9085709444
503.3 0.9092913828
503.4 0.9081924284
503.4 0.9105646477
503.5 0.9102249288
503.6 0.9121389873
503.7 0.9098686605999999
503.7 0.9115522709
503.8 0.9093440249
503.9 0.9089025476
504.0 0.9108884714
504.0 0.9106984356
504.1 0.9151514310000001
504.2 0.9152955515
504.3 0.9113707294
504.3 0.912189997
504.4 0.9110921549
504.5 0.9127548145
504.6 0.9172812107999999
504.6 0.9170913287000001
504.7 0.9136447112
504.8 0.9162145871
504.9 0.9163825563
504.9 0.9160873544
505.0 0.916572579
505.1 0.9119889308000001
505.2 0.918333582
505.2 0.9162052869
505.3 0.9146367898
505.4 0.9166542277
505.4 0.9171469546000001
505.5 0.9207335985
505.6 0.9179200861
505.7 0.9220845885
505.7 0.919885782
505.8 0.9201993668999999
505.9 0.9202311674000001
506.0 0.9218401910999999
506.0 0.9231109503
506.1 0.9193216167999999
506.2 0.9216998359999999
506.3 0.9220605899000001
506.3 0.9226223035
506.4 0.9180961232
506.5 0.9213745522000001
506.6 0.9232179145
506.6 0.9235218594
506.7 0.9248021633000001
506.8 0.9248141227000001
506.9 0.9251143847000001
506.9 0.9257470809
507.0 0.9207706249000001
507.1 0.9223657215
507.2 0.9232456139999999
507.2 0.9260277576999999
507.3 0.9267874215999999
507.4 0.9236416457
507.5 0.9232338289
507.5 0.9222061185
507.6 0.9223042950999999
507.7 0.9274035573
507.8 0.9259211039999999
507.8 0.9276072341
507.9 0.9209191944
508.0 0.9260089105
508.1 0.9243275429000001
508.1 0.9245828813
508.2 0.9250077672
508.3 0.9190459027
508.4 0.9237662371
508.4 0.92011895
508.5 0.9250549648
508.6 0.9231005805
508.6 0.9240363537999999
508.7 0.9206150545
508.8 0.9236282653000001
508.9 0.925007664
508.9 0.9287852811
509.0 0.9205372131999999
509.1 0.9230612634
509.2 0.9250143175
509.2 0.9242866943
509.3 0.9218374218
509.4 0.9233529897
509.5 0.9243129447
509.5 0.9238676883
509.6 0.9234114977
509.7 0.921283129
509.8 0.9211151771
509.8 0.9215634607
509.9 0.9222268217
510.0 0.9244097057
510.1 0.9212352794
510.1 0.9208319272
510.2 0.9217863095
510.3 0.9242088944
510.4 0.9242757242999999
510.4 0.9209124624
510.5 0.9246571076
510.6 0.9198340021999999
510.7 0.9202135565999999
510.7 0.9205086065
510.8 0.9261405227999999
510.9 0.9232074514
510.9 0.919995066
511.0 0.9183374565
511.1 0.9219668165
511.2 0.9196722925
511.2 0.9225455307
511.3 0.9213548212
511.4 0.9180556746
511.5 0.9184690753
511.5 0.918832364
511.6 0.919670405
511.7 0.9216709864000001
511.8 0.9189752719000001
511.8 0.9191681405
511.9 0.9229004746
512.0 0.9148980086999999
512.1 0.9195972549
512.1 0.9190979015
512.2 0.9191621487
512.3 0.9219598969
512.4 0.9256695319000001
512.4 0.9179139637
512.5 0.9184541577
512.6 0.9200410727
512.6 0.9225496833
512.7 0.9246634824000001
512.8 0.9161429363000001
512.9 0.9205984582000001
512.9 0.9191357211000001
513.0 0.9199894439
513.1 0.9192352898999999
513.2 0.9208227266
513.2 0.9214237904
513.3 0.9158789381
513.4 0.9189693935
513.5 0.9220782315
513.5 0.9175220859
513.6 0.9178155328
513.7 0.9191619246
513.8 0.9199776627
513.8 0.9200417834
513.9 0.9170727081
514.0 0.9201629424
514.0 0.9181825733
514.1 0.9221941649000001
514.2 0.9199407056
514.3 0.9173610130000001
514.3 0.9187843022
514.4 0.9188722534
514.5 0.9174968792999999
514.6 0.9223234597
514.6 0.9208408239000001
514.7 0.9175636928
514.8 0.9185834889
514.9 0.9171627449
514.9 0.9212161718
515.0 0.9154827469
515.1 0.9220929823999999
515.1 0.9173259079
515.2 0.9165606359999999
515.3 0.9125441696
515.4 0.9180064496
515.4 0.9182833559
515.5 0.915019166
515.6 0.9165661393000001
515.7 0.9197165098000001
515.7 0.9158476657999999
515.8 0.9164724074999999
515.9 0.9143973806
516.0 0.9173590864000001
516.0 0.9154942571
516.1 0.9135852275
516.2 0.9176881652
516.3 0.9151041068000001
516.3 0.9193371947
516.4 0.9155742786000001
516.5 0.9114928706000001
516.5 0.9216899214000001
516.6 0.9138685463999999
516.7 0.9142730031
516.8 0.9116173433
516.8 0.9150877674
516.9 0.9137273648
517.0 0.9116950272
517.1 0.9130677354
517.1 0.915983256
517.2 0.9144583385
517.3 0.9170227273
517.3 0.9140093116
517.4 0.9144945603
517.5 0.9141404396999999
517.6 0.9153002989
517.6 0.9120343742999999
517.7 0.9192521968
517.8 0.9140011968
517.9 0.9152637865
517.9 0.9138394413
518.0 0.916550405
518.1 0.9088141474
518.2 0.915621347
518.2 0.9148857361
518.3 0.913378507
518.4 0.9148273467
518.4 0.9148044224
518.5 0.9117000257
518.6 0.9164365645
518.7 0.9123162809
518.7 0.9145408732
518.8 0.9128033845
518.9 0.9115944279
519.0 0.9164906273
519.0 0.9166638869
519.1 0.9126139481
519.2 0.910784096
519.2 0.9151679222
519.3 0.9131650803
519.4 0.9135433279999999
519.5 0.9132430698
519.5 0.9156566605
519.6 0.9140718035000001
519.7 0.9089525573999999
519.8 0.9108396811999999
519.8 0.9121235793
519.9 0.91630479
520.0 0.9109010988999999
520.1 0.9163825706000001
520.1 0.9115930763
520.2 0.9145470479
520.3 0.9149008623
520.3 0.9141657121
520.4 0.915460627
520.5 0.9159387929
520.6 0.9108934674
520.6 0.9120294688
520.7 0.9130392082000001
520.8 0.9138141276999999
520.9 0.9128665026999999
520.9 0.907929358
521.0 0.9146853602
521.1 0.9150551885999999
521.1 0.9162379404000001
521.2 0.914374642
521.3 0.9157779393
521.4 0.9147325442
521.4 0.913705803
521.5 0.9158934967000001
521.6 0.9182837313000001
521.7 0.9154759595999999
521.7 0.9183704246000001
521.8 0.9108744756
521.9 0.9135608876000001
521.9 0.9149498377999999
522.0 0.9156316089000001
522.1 0.9192097844
522.2 0.9179104478
522.2 0.9150390416
522.3 0.9190168093
522.4 0.9164786277
522.4 0.9177987173
522.5 0.9194103089
522.6 0.9122590397
522.7 0.920793137
522.7 0.9204463029
522.8 0.9207742731999999
522.9 0.9196697095999999
523.0 0.9216464778
523.0 0.9223548214999999
523.1 0.9220353765999999
523.2 0.9186045276
523.2 0.9186672733000001
523.3 0.9199568021000001
523.4 0.9191015281999999
523.5 0.918004187
523.5 0.9195407163999999
523.6 0.9195863901
523.7 0.9227201166000001
523.8 0.9251674054
523.8 0.9197815867
523.9 0.9219915700999999
524.0 0.9215228234
524.0 0.9229838243
524.1 0.9246477090999999
524.2 0.9225042727
524.3 0.921779109
524.3 0.9202776962
524.4 0.9223849022
524.5 0.9226267880000001
524.5 0.9213436086
524.6 0.9187505868
524.7 0.9205165591
524.8 0.9244730618
524.8 0.9187432062
524.9 0.923512512
525.0 0.9199287886
525.1 0.9196344187
525.1 0.9183997839
525.2 0.9197750917
525.3 0.9203010020000001
525.3 0.9208197436000001
525.4 0.9215347822
525.5 0.9218621586000001
525.6 0.9198009537999999
525.6 0.920606777
525.7 0.9198466162
525.8 0.9211408701
525.8 0.9215944297
525.9 0.9172420199
526.0 0.9200897659
526.1 0.9208899621000001
526.1 0.9216488682
526.2 0.9212077419000001
526.3 0.9183648265
526.3 0.9152385364
526.4 0.9207335931
526.5 0.9168449638
526.6 0.9183974273
526.6 0.9192933913
526.7 0.9169901063
526.8 0.9169350441
526.9 0.9177113568
526.9 0.9152932001
527.0 0.9181647824
527.1 0.9125117688000001
527.1 0.9153500374
527.2 0.9126316975000001
527.3 0.916125796
527.4 0.9125621051
527.4 0.9083979578
527.5 0.9120485137
527.6 0.9126610821
527.6 0.9093513883
527.7 0.910829777
527.8 0.9113665598
527.9 0.9097483603000001
527.9 0.9102226038000001
528.0 0.9072293936
528.1 0.9119187382
528.1 0.9056973462000001
528.2 0.9051054891
528.3 0.9071644188000001
528.4 0.9058429061
528.4 0.9093641478000001
528.5 0.9046580954
528.6 0.902303737
528.6 0.9080949483
528.7 0.9051929249
528.8 0.8998230088
528.9 0.90516131
528.9 0.9063283715
529.0 0.9069273483000001
529.1 0.9048678158
529.1 0.9042232201
529.2 0.9032528114999999
529.3 0.9022913356
529.4 0.9005799086
529.4 0.9061991942000001
529.5 0.9020203952
529.6 0.9037110023
529.6 0.9050156645
529.7 0.9030299985000001
529.8 0.9009650435000001
529.9 0.8997081214000001
529.9 0.9038364919
530.0 0.9035806318999999
530.1 0.9029375224999999
530.1 0.9014910755
530.2 0.902037751
530.3 0.8985278391
530.4 0.9001659071
530.4 0.9018736392
530.5 0.9013979030999999
530.6 0.9053101151
530.6 0.8968267385
530.7 0.9022423759
530.8 0.9001472959
530.9 0.8998887653
530.9 0.8998754174
531.0 0.8994738409999999
531.1 0.9051226407999999
531.1 0.903557485
531.2 0.9033994953
531.3 0.9035279673
531.4 0.9025472082
531.4 0.8984686095000001
531.5 0.9038165072
531.6 0.9021123285
531.6 0.9052342634999999
531.7 0.9024691236
531.8 0.9045642744
531.9 0.9047929637
531.9 0.9049128837000001
532.0 0.9000235701
532.1 0.9047998662000001
532.1 0.9064814176
532.2 0.9062970804
532.3 0.9051291372
532.4 0.9049772418
532.4 0.9068740719999999
532.5 0.9084255939000001
532.6 0.9072348024
532.6 0.9096719007
532.7 0.9126726999
532.8 0.9116450472
532.8 0.9055195251000001
532.9 0.9053964284
533.0 0.9083274537
533.1 0.9112362195
533.1 0.911466745
533.2 0.9103479342
533.3 0.9106058977000001
533.3 0.909218082
533.4 0.9076762372
533.5 0.9087428393
533.6 0.9125242880000001
533.6 0.9122943866
533.7 0.9154224974
533.8 0.9108268464
533.8 0.9123800076
533.9 0.9101467587000001
534.0 0.9121678022999999
534.1 0.9164935888
534.1 0.9139883268
534.2 0.9115701114
534.3 0.912952653
534.3 0.9151209090000001
534.4 0.9152005903
534.5 0.9137578197
534.5 0.9152272485
534.6 0.9116820436999999
534.7 0.9135041343
534.8 0.9131015524999999
534.8 0.9155256889000001
534.9 0.9147082149000001
535.0 0.9096948248
535.0 0.917039707
535.1 0.9116561105
535.2 0.915076299
535.3 0.9109955724
535.3 0.9143245956
535.4 0.9127668803
535.5 0.9111490526999999
535.5 0.9141020328
535.6 0.91084767
535.7 0.9122302297
535.7 0.9146062447
535.8 0.9156169344
535.9 0.9063772179
536.0 0.9157000270000001
536.0 0.9129921032999999
536.1 0.9116693213000001
536.2 0.9095867783999999
536.2 0.9081678549
536.3 0.9096333043
536.4 0.910893844
536.5 0.9097257528
536.5 0.9133989751
536.6 0.9098876232
536.7 0.9140318863
536.7 0.9118771011
536.8 0.9133975473
536.9 0.9072216170999999
536.9 0.9091787347
537.0 0.9078150561
537.1 0.9109544427
537.2 0.9093748508
537.2 0.9105387356999999
537.3 0.9077618516
537.4 0.9061308692
537.4 0.9093140286000001
537.5 0.9089256655
537.6 0.9070680006
537.6 0.909454642
537.7 0.9049954931
537.8 0.9043443603
537.9 0.9032676152000001
537.9 0.9101925599
538.0 0.9076779756000001
538.1 0.9041226957
538.1 0.9050919351000001
538.2 0.903535669
538.3 0.9081869847
538.3 0.9071998336999999
538.4 0.903344178
538.5 0.9096535946000001
538.6 0.9065226227
538.6 0.9049667839
538.7 0.9082640086000001
538.8 0.9002452136
538.8 0.9023660259
538.9 0.9002952747
539.0 0.9048785331000001
539.0 0.902486509
539.1 0.9027321582000001
539.2 0.9021870629
539.3 0.9051627916
539.3 0.9027346735
539.4 0.9051916389
539.5 0.9054033586
539.5 0.8990714232000001
539.6 0.9035050456
539.7 0.8996849235000001
539.7 0.8981237284
539.8 0.8994380806
539.9 0.9019042232
539.9 0.9005907459
540.0 0.8974049601
540.1 0.8979192166
540.2 0.8966117975
540.2 0.8958622760999999
540.3 0.8980614061
540.4 0.8963331015999999
540.4 0.89597246
540.5 0.8935365499
540.6 0.8988462443999999
540.6 0.8943086379
540.7 0.8953530953000001
540.8 0.8950609147999999
540.9 0.8887815855
540.9 0.8931467508
541.0 0.892530116
541.1 0.8932000526
541.1 0.8903758329
541.2 0.8912085754
541.3 0.8918004436
541.3 0.8891323893
541.4 0.8904317802
541.5 0.8864305544
541.5 0.8892715108
541.6 0.8826052423
541.7 0.8872508694
541.8 0.8878158684
541.8 0.8870546129
541.9 0.8816538192
542.0 0.8822947852999999
542.0 0.8825437481
542.1 0.8805477968
542.2 0.8801154568
542.2 0.8820412168999999
542.3 0.8807878369
542.4 0.8783665159999999
542.4 0.878427088
542.5 0.8775837624
542.6 0.8751025966
542.7 0.8748822855
542.7 0.8753525256
542.8 0.8783312287
542.9 0.8713921032
542.9 0.8750046626
543.0 0.8720046974
543.1 0.8725594207999999
543.1 0.8714420323000001
543.2 0.8717007094
543.3 0.8664961875
543.3 0.8665885177
543.4 0.8671563386
543.5 0.8644479387
543.6 0.8634111423999999
543.6 0.8609951755999999
543.7 0.8602055772999999
543.8 0.8581500988999999
543.8 0.859229612
543.9 0.8579473122
544.0 0.8495614562999999
544.0 0.849493085
544.1 0.8469935726
544.2 0.8388544876999999
544.2 0.8408867087
544.3 0.8349339624
544.4 0.8327581408
544.5 0.8230947994000001
544.5 0.820819856
544.6 0.8093992848
544.7 0.8050614392
544.7 0.7978191017999999
544.8 0.7916674368
544.9 0.7865584072999999
544.9 0.7736524846
545.0 0.7673039319999999
545.1 0.7540027363
545.1 0.7424000738
545.2 0.7326795756
545.3 0.7219515796
545.3 0.7097075266999999
545.4 0.6947504381999999
545.5 0.6826018448000001
545.5 0.6657765582
545.6 0.6535271436
545.7 0.6369776549
545.8 0.6184602062
545.8 0.6039573009
545.9 0.5890774174
546.0 0.5720666789
546.0 0.5547511145
546.1 0.5364268928
546.2 0.5190310145
546.2 0.5014103140999999
546.3 0.4812649165
546.4 0.4663295182
546.4 0.44862180690000003
546.5 0.43031224799999995
546.6 0.4134091513
546.6 0.39598263850000004
546.7 0.37966039469999996
546.8 0.36307593660000004
546.8 0.34684849710000004
546.9 0.33166678920000003
547.0 0.3170469873
547.1 0.3045977011
547.1 0.2880304629
547.2 0.27493115970000004
547.3 0.2619106597
547.3 0.24887734479999998
547.4 0.23801978380000002
547.5 0.2242767916
547.5 0.2144814126
547.6 0.2034766697
547.7 0.1941996929
547.7 0.18377397380000002
547.8 0.17357057650000002
547.9 0.16542478
547.9 0.1579830392
548.0 0.14963954969999999
548.1 0.1414958287
548.1 0.1348335129
548.2 0.1284635684
548.3 0.12146872030000001
548.3 0.1149083343
548.4 0.1096958314
548.5 0.1036861314
548.6 0.09845008621
548.6 0.09328252764
548.7 0.08851888306
548.8 0.08492460477
548.8 0.08004745175
548.9 0.07585137907
549.0 0.07254791329
549.0 0.06920178456000001
549.1 0.06565776063
549.2 0.061838516090000004
549.2 0.05907959069
549.3 0.05716858593
549.4 0.05397766003
549.4 0.05113418967
549.5 0.048952450360000004
549.6 0.04657034775
549.6 0.04483359977
549.7 0.04237426667
549.8 0.04054891949
549.8 0.03866349316
549.9 0.0368993291
550.0 0.03546441276
550.0 0.0335012801
550.1 0.0326689822
550.2 0.03078348044
550.2 0.02967684608
550.3 0.02832946046
550.4 0.02718268725
550.5 0.02600442783
550.5 0.024325599969999997
550.6 0.02371768045
550.7 0.02284335338
550.7 0.021551255569999997
550.8 0.021172224939999998
550.9 0.02004502869
550.9 0.01928572077
551.0 0.01810143326
551.1 0.01762666328
551.1 0.01724606438
551.2 0.0165018586
551.3 0.015424467209999999
551.3 0.015162728569999999
551.4 0.01459358715
551.5 0.01414088478
551.5 0.013626777699999999
551.6 0.013139664399999999
551.7 0.01218993108
551.7 0.01240930789
551.8 0.01169426682
551.9 0.01137987757
551.9 0.010786773300000002
552.0 0.010459340900000001
552.1 0.01016703635
552.1 0.00985783019
552.2 0.00934231889
552.3 0.00899122608
552.3 0.008927683050000001
552.4 0.00853005895
552.5 0.00831347487
552.5 0.00817740064
552.6 0.00757836409
552.7 0.007393063010000001
552.7 0.007205641400000001
552.8 0.00704340259
552.9 0.00693347297
552.9 0.00660470992
553.0 0.006453415529999999
553.1 0.00630490863
553.1 0.00626466871
553.2 0.005932922750000001
553.3 0.00560663422
553.3 0.0055469509800000006
553.4 0.0053725154399999996
553.5 0.00536437156
553.5 0.0050636561
553.6 0.00515319453
553.7 0.0049726145900000004
553.7 0.00476439225
553.8 0.00443235257
553.9 0.0043894365699999995
553.9 0.0042100717900000004
554.0 0.00417716961
554.1 0.00419925747
554.1 0.00404522726
554.2 0.0039829175100000004
554.3 0.00400046852
554.3 0.00387548106
554.4 0.0036133532299999997
554.5 0.00357775321
554.5 0.00337685727
554.6 0.00359351196
554.7 0.00336176753
554.7 0.00317372087
554.8 0.00325548351
554.9 0.0030669344999999996
554.9 0.0029950590500000002
555.0 0.00297222048
555.1 0.0030168748
555.1 0.0029875845299999998
555.2 0.0026739887299999997
555.3 0.00272586714
555.3 0.00273238682
555.4 0.0025814779
555.5 0.0026403172
555.5 0.00243834659
555.6 0.00238898383
555.7 0.00255361703
555.7 0.00233473477
555.8 0.0022910018
555.9 0.00239808153
555.9 0.00241411992
556.0 0.00228851363
556.1 0.0022583035100000003
556.1 0.0021333380900000003
556.2 0.00209124626
556.3 0.00191805019
556.3 0.0019732671399999998
556.4 0.00204425956
556.5 0.0018413737
556.5 0.0019324962200000001
556.6 0.00203047494
556.7 0.00185376635
556.7 0.00199684427
556.8 0.0017325787
556.9 0.00159872816
556.9 0.00190049609
557.0 0.00181338169
557.1 0.0016456293
557.1 0.00168725413
557.2 0.00150750183
557.3 0.0016543038600000002
557.3 0.00141141381
557.4 0.00169844206
557.5 0.0016972044999999999
557.5 0.0016366757700000002
557.6 0.00165496623
557.7 0.00138429184
557.7 0.0015619591899999998
557.8 0.00159670723
557.9 0.0014140146500000001
557.9 0.0013735776799999998
558.0 0.0014515971999999999
558.1 0.0013051816599999998
558.1 0.00123330819
558.2 0.0013708928500000001
558.3 0.00129509549
558.3 0.00133784598
558.4 0.00117714741
558.5 0.0012813375399999998
558.5 0.00132501811
558.6 0.0012990456
558.7 0.0013311236100000002
558.7 0.0012548825499999999
558.8 0.00115929204
558.8 0.00118508561
558.9 0.00120250758
559.0 0.00114816647
559.0 0.00121396589
559.1 0.00104112441
559.2 0.00110400622
559.2 0.00109305032
559.3 0.00109411121
559.4 0.0010657506499999999
559.4 0.00105662637
559.5 0.001151861
559.6 0.0009982508499999999
559.6 0.00109999384
559.7 0.00110417835
559.8 0.00099721134
559.8 0.00089703451
559.9 0.00104288994
560.0 0.0009570050099999999
560.0 0.00093937931
560.1 0.00099307484
560.2 0.0009651578
560.2 0.00090259035
560.3 0.0008427188200000001
560.4 0.00098081285
560.4 0.00095647596
560.5 0.0007526957
560.6 0.00083275625
560.6 0.00098148327
560.7 0.00085849693
560.7 0.00093581368
560.8 0.00085785065
560.9 0.0007959137300000001
560.9 0.0008417434599999999
561.0 0.0008130863200000001
561.1 0.0007750520299999999
561.1 0.0008196292500000001
561.2 0.00078494305
561.3 0.00089675167
561.3 0.0007910017
561.4 0.00087004942
561.5 0.0008167734
561.5 0.0008438451499999999
561.6 0.0007105165099999999
561.7 0.00079869431
561.7 0.0007710166999999999
561.8 0.00076116008
561.9 0.00077884316
561.9 0.00082208377
562.0 0.00076044313
562.0 0.0007176082000000001
562.1 0.0007674530899999999
562.2 0.0006443464999999999
562.2 0.0007394033199999999
562.3 0.00079187468
562.4 0.00066891927
562.4 0.0006693785100000001
562.5 0.00067718736
562.6 0.00075182831
562.6 0.0008302377700000001
562.7 0.000709705
562.8 0.00070033992
562.8 0.0006652111600000001
562.9 0.0006384011000000001
563.0 0.00062095951
563.0 0.00070525457
563.1 0.0006549624
563.1 0.00067766173
563.2 0.00067798908
563.3 0.00048325971
563.3 0.00073636456
563.4 0.0006765327699999999
563.5 0.00050853491
563.5 0.0007614342
563.6 0.00064239648
563.7 0.00061654364
563.7 0.00063342455
563.8 0.00061528607
563.9 0.0006333871
563.9 0.00059869131
564.0 0.00059977867
564.1 0.0006407500100000001
564.1 0.00059880745
564.2 0.0006391066
564.2 0.00063056473
564.3 0.0005227215200000001
564.4 0.0005889331099999999
564.4 0.0006470316399999999
564.5 0.0005534219900000001
564.6 0.00052996845
564.6 0.00057200538
564.7 0.00050187786
564.8 0.00046910995
564.8 0.00049121638
