549.76 0.00125
549.83 0.00131
549.9 0.00122
549.97 0.00132
550.04 0.0013700000000000001
550.12 0.00133
550.19 0.00128
550.26 0.00124
550.33 0.00122
550.4 0.00124
550.47 0.00127
550.54 0.00125
550.61 0.00113
550.69 0.00128
550.76 0.00123
550.83 0.00132
550.9 0.00125
550.97 0.0011799999999999998
551.04 0.00109
551.11 0.00122
551.18 0.00125
551.25 0.00122
551.33 0.00126
551.4 0.00126
551.47 0.0013700000000000001
551.54 0.0013900000000000002
551.61 0.0013700000000000001
551.68 0.00128
551.75 0.00122
551.82 0.00124
551.89 0.00134
551.96 0.00132
552.04 0.0014099999999999998
552.11 0.00133
552.18 0.00136
552.25 0.0013800000000000002
552.32 0.0014000000000000002
552.39 0.00126
552.46 0.0013700000000000001
552.53 0.0014199999999999998
552.6 0.0014399999999999999
552.67 0.00134
552.75 0.0014299999999999998
552.82 0.0013800000000000002
552.89 0.0012900000000000001
552.96 0.00149
553.03 0.00154
553.1 0.0013800000000000002
553.17 0.00159
553.24 0.0013900000000000002
553.31 0.00151
553.38 0.00151
553.45 0.00159
553.53 0.00136
553.6 0.0014199999999999998
553.67 0.00161
553.74 0.0016
553.81 0.0016300000000000002
553.88 0.0013800000000000002
553.95 0.0014199999999999998
554.02 0.00165
554.09 0.00166
554.16 0.0016200000000000001
554.23 0.00167
554.3 0.0017399999999999998
554.38 0.00166
554.45 0.0017100000000000001
554.52 0.00169
554.59 0.0017599999999999998
554.66 0.00172
554.73 0.0017000000000000001
554.8 0.0018
554.87 0.00183
554.94 0.0018
555.01 0.00182
555.08 0.0018599999999999999
555.15 0.00188
555.22 0.00187
555.29 0.00193
555.37 0.00208
555.44 0.0018599999999999999
555.51 0.00199
555.58 0.00196
555.65 0.00216
555.72 0.00199
555.79 0.0020499999999999997
555.86 0.00218
555.93 0.00221
556.0 0.00216
556.07 0.00231
556.14 0.0022
556.21 0.00228
556.28 0.00233
556.35 0.00234
556.42 0.00241
556.5 0.00246
556.57 0.00245
556.64 0.0027300000000000002
556.71 0.0027400000000000002
556.78 0.00263
556.85 0.00268
556.92 0.00272
556.99 0.0028100000000000004
557.06 0.00302
557.13 0.00312
557.2 0.00306
557.27 0.00307
557.34 0.00316
557.41 0.00314
557.48 0.0032600000000000003
557.55 0.00334
557.62 0.0035499999999999998
557.69 0.0034699999999999996
557.76 0.0037
557.83 0.00376
557.9 0.00376
557.97 0.00395
558.04 0.00394
558.12 0.004050000000000001
558.19 0.00425
558.26 0.00438
558.33 0.00442
558.4 0.00446
558.47 0.00464
558.54 0.00498
558.61 0.00499
558.68 0.00493
558.75 0.00526
558.82 0.00551
558.89 0.005639999999999999
558.96 0.00586
559.03 0.00605
559.1 0.00621
559.17 0.00637
559.24 0.00653
559.31 0.00676
559.38 0.00699
559.45 0.00734
559.52 0.00776
559.59 0.007940000000000001
559.66 0.00819
559.73 0.00835
559.8 0.0085
559.87 0.00891
559.94 0.00946
560.01 0.00962
560.08 0.00987
560.15 0.01034
560.22 0.01068
560.29 0.011279999999999998
560.36 0.01192
560.43 0.01205
560.5 0.01238
560.57 0.01316
560.64 0.014159999999999999
560.71 0.01431
560.78 0.01518
560.85 0.015300000000000001
560.92 0.01657
560.99 0.0167
561.06 0.018000000000000002
561.13 0.0183
561.2 0.018879999999999997
561.27 0.0203
561.34 0.021110000000000004
561.41 0.02193
561.48 0.02377
561.55 0.02413
561.62 0.025390000000000003
561.69 0.02699
561.76 0.027690000000000003
561.83 0.02889
561.9 0.030510000000000002
561.97 0.03239
562.04 0.033889999999999997
562.11 0.03555
562.18 0.0362
562.25 0.038450000000000005
562.32 0.040839999999999994
562.39 0.04327
562.46 0.045919999999999996
562.53 0.04804
562.6 0.05113
562.67 0.05355000000000001
562.74 0.05567999999999999
562.81 0.059059999999999994
562.88 0.06194
562.95 0.06536
563.02 0.06959
563.09 0.07301
563.16 0.07699
563.23 0.08115
563.3 0.08596999999999999
563.37 0.09054000000000001
563.44 0.09678
563.51 0.10134
563.58 0.10695
563.65 0.11341
563.71 0.12074
563.78 0.12799
563.85 0.13533
563.92 0.14204
563.99 0.14965
564.06 0.16001
564.13 0.16926
564.2 0.17861999999999997
564.27 0.18877
564.34 0.20010999999999998
564.41 0.21248
564.48 0.22437
564.55 0.23668
564.62 0.25047
564.69 0.26478
564.76 0.27887
564.83 0.29328
564.9 0.31024999999999997
564.97 0.32643
565.04 0.34438
565.11 0.36365000000000003
565.18 0.38084
565.24 0.40009999999999996
565.31 0.41773000000000005
565.38 0.43613
565.45 0.45919
565.52 0.4783
565.59 0.49916
565.66 0.51834
565.73 0.53838
565.8 0.55957
565.87 0.57963
565.94 0.59893
566.01 0.61702
566.08 0.63549
566.15 0.65385
566.22 0.6702400000000001
566.29 0.69012
566.35 0.70453
566.42 0.7198300000000001
566.49 0.73583
566.56 0.74765
566.63 0.76027
566.7 0.77093
566.77 0.77987
566.84 0.79021
566.91 0.8005
566.98 0.8049599999999999
567.05 0.81294
567.12 0.8188599999999999
567.18 0.82262
567.25 0.82869
567.32 0.83353
567.39 0.8339799999999999
567.46 0.83836
567.53 0.8406399999999999
567.6 0.8412999999999999
567.67 0.8400700000000001
567.74 0.84393
567.81 0.84194
567.88 0.8444499999999999
567.95 0.8440300000000001
568.01 0.8421500000000001
568.08 0.8442000000000001
568.15 0.84387
568.22 0.8394499999999999
568.29 0.8409099999999999
568.36 0.83917
568.43 0.83719
568.5 0.83552
568.57 0.83841
568.64 0.83709
568.7 0.83429
568.77 0.83147
568.84 0.8344400000000001
568.91 0.82744
568.98 0.8334699999999999
569.05 0.83178
569.12 0.8271200000000001
569.19 0.82991
569.26 0.8292400000000001
569.32 0.8296800000000001
569.39 0.8273600000000001
569.46 0.82903
569.53 0.8307599999999999
569.6 0.83041
569.67 0.82707
569.74 0.83124
569.81 0.8301099999999999
569.87 0.83005
569.94 0.83092
570.01 0.8330299999999999
570.08 0.83284
570.15 0.8359300000000001
570.22 0.8380299999999999
570.29 0.83855
570.36 0.8360500000000001
570.42 0.83975
570.49 0.84191
570.56 0.84538
570.63 0.84651
570.7 0.8412900000000001
570.77 0.8476600000000001
570.84 0.8508100000000001
570.91 0.8486199999999999
570.97 0.85264
571.04 0.8582299999999999
571.11 0.85321
571.18 0.85952
571.25 0.8630500000000001
571.32 0.8649899999999999
571.39 0.86799
571.45 0.86697
571.52 0.87276
571.59 0.87643
571.66 0.8778900000000001
571.73 0.8804900000000001
571.8 0.88184
571.87 0.8824
571.93 0.88849
572.0 0.8884099999999999
572.07 0.88882
572.14 0.89239
572.21 0.8971899999999999
572.28 0.8996299999999999
572.34 0.90035
572.41 0.9042600000000001
572.48 0.9031600000000001
572.55 0.9074500000000001
572.62 0.9052500000000001
572.69 0.9097700000000001
572.75 0.9151600000000001
572.82 0.91456
572.89 0.9186
572.96 0.91839
573.03 0.92081
573.1 0.92502
573.16 0.92277
573.23 0.92375
573.3 0.9293
573.37 0.92841
573.44 0.92511
573.51 0.92973
573.57 0.9318000000000001
573.64 0.93285
573.71 0.93703
573.78 0.9387000000000001
573.85 0.93855
573.91 0.9407599999999999
573.98 0.94151
574.05 0.94143
574.12 0.94393
574.19 0.9449200000000001
574.26 0.9443600000000001
574.32 0.94746
574.39 0.9434699999999999
574.46 0.9477500000000001
574.53 0.9493600000000001
574.6 0.9494199999999999
574.66 0.9520099999999999
574.73 0.95319
574.8 0.95282
574.87 0.9548300000000001
574.94 0.95506
575.0 0.9516100000000001
575.07 0.95408
575.14 0.95542
575.21 0.95254
575.28 0.9544799999999999
575.34 0.95301
575.41 0.95255
575.48 0.95638
575.55 0.95489
575.62 0.95772
575.68 0.95794
575.75 0.95812
575.82 0.9544799999999999
575.89 0.95321
575.95 0.95524
576.02 0.95509
576.09 0.9526
576.16 0.95246
576.23 0.9556600000000001
576.29 0.94998
576.36 0.9597
576.43 0.9523699999999999
576.5 0.9558199999999999
576.56 0.95562
576.63 0.95288
576.7 0.9526699999999999
576.77 0.94876
576.84 0.9486
576.9 0.95307
576.97 0.95233
577.04 0.9502700000000001
577.11 0.95112
577.17 0.9499500000000001
577.24 0.9521200000000001
577.31 0.95498
577.38 0.95011
577.44 0.9481
577.51 0.94523
577.58 0.94814
577.65 0.94719
577.71 0.94848
577.78 0.94549
577.85 0.94949
577.92 0.95295
577.98 0.9423699999999999
578.05 0.94706
578.12 0.9445
578.19 0.9442900000000001
578.25 0.9469299999999999
578.32 0.94305
578.39 0.94266
578.46 0.9456
578.52 0.94592
578.59 0.9436199999999999
578.66 0.9404
578.73 0.94151
578.79 0.9430200000000001
578.86 0.94108
578.93 0.94267
579.0 0.93982
579.06 0.9406399999999999
579.13 0.9407800000000001
579.2 0.9403199999999999
579.26 0.9384
579.33 0.9412
579.4 0.94187
579.47 0.9411499999999999
579.53 0.94023
579.6 0.93704
579.67 0.9411499999999999
579.73 0.9379900000000001
579.8 0.93759
579.87 0.9372199999999999
579.94 0.93694
580.0 0.93636
580.07 0.9376099999999999
580.14 0.93419
580.2 0.9390000000000001
580.27 0.93932
580.34 0.93586
580.41 0.9357
580.47 0.9388200000000001
580.54 0.93892
580.61 0.93808
580.67 0.93723
580.74 0.93651
580.81 0.9377599999999999
580.88 0.93643
580.94 0.93328
581.01 0.9361799999999999
581.08 0.93953
581.14 0.9421599999999999
581.21 0.934
581.28 0.93747
581.34 0.9357899999999999
581.41 0.9355
581.48 0.93474
581.54 0.93377
581.61 0.93553
581.68 0.9341700000000001
581.75 0.9338500000000001
581.81 0.93573
581.88 0.93289
581.95 0.93265
582.01 0.93599
582.08 0.93183
582.15 0.9323600000000001
582.21 0.93616
582.28 0.93486
582.35 0.93294
582.41 0.93637
582.48 0.9337399999999999
582.55 0.93257
582.61 0.9295300000000001
582.68 0.9331699999999999
582.75 0.93388
582.81 0.9328
582.88 0.93366
582.95 0.9317
583.01 0.93703
583.08 0.9300700000000001
583.15 0.9355899999999999
583.21 0.93587
583.28 0.9356399999999999
583.35 0.93322
583.41 0.93471
583.48 0.93364
583.55 0.9346
583.61 0.9325
583.68 0.9309099999999999
583.74 0.93308
583.81 0.93265
583.88 0.9315000000000001
583.94 0.93042
584.01 0.93192
584.08 0.9327200000000001
584.14 0.93069
584.21 0.93131
584.28 0.93381
584.34 0.93215
584.41 0.93026
584.48 0.93179
584.54 0.93
584.61 0.93306
584.67 0.92767
584.74 0.93195
584.81 0.929
584.87 0.929
584.94 0.929
585.01 0.93041
585.07 0.9300799999999999
585.14 0.92975
585.2 0.93086
585.27 0.92848
585.34 0.9290600000000001
585.4 0.92892
585.47 0.9303
585.53 0.92789
585.6 0.9293899999999999
585.67 0.9319299999999999
585.73 0.92745
585.8 0.92928
585.87 0.92545
585.93 0.92838
586.0 0.92743
586.06 0.9300799999999999
586.13 0.93065
586.2 0.92746
586.26 0.92795
586.33 0.9293899999999999
586.39 0.9296
586.46 0.92907
586.53 0.92762
586.59 0.93136
586.66 0.92813
586.72 0.9299200000000001
586.79 0.92754
586.86 0.9342199999999999
586.92 0.9303199999999999
586.99 0.9301900000000001
587.05 0.92765
587.12 0.92604
587.18 0.9292900000000001
587.25 0.9290999999999999
587.32 0.92696
587.38 0.9305800000000001
587.45 0.9320900000000001
587.51 0.9279900000000001
587.58 0.9285
587.64 0.9296599999999999
587.71 0.93255
587.78 0.93128
587.84 0.92877
587.91 0.93059
587.97 0.9309099999999999
588.04 0.9291200000000001
588.1 0.9327500000000001
588.17 0.93269
588.24 0.93281
588.3 0.93513
588.37 0.9322
588.43 0.9341700000000001
588.5 0.93292
588.56 0.9357800000000001
588.63 0.93582
588.69 0.9358299999999999
588.76 0.9345600000000001
588.83 0.9351600000000001
588.89 0.93771
588.96 0.9375199999999999
589.02 0.9374800000000001
589.09 0.9342100000000001
589.15 0.93805
589.22 0.93754
589.28 0.94049
589.35 0.9383400000000001
589.41 0.93931
589.48 0.94182
589.55 0.94182
589.61 0.9426000000000001
589.68 0.94431
589.74 0.94316
589.81 0.94261
589.87 0.94549
589.94 0.94652
590.0 0.94813
590.07 0.94744
590.13 0.94789
590.2 0.94792
590.26 0.9521200000000001
590.33 0.948
590.39 0.95051
590.46 0.9441299999999999
590.52 0.9492
590.59 0.9473
590.65 0.9468300000000001
590.72 0.94966
590.78 0.9525
590.85 0.9540900000000001
590.91 0.95182
590.98 0.9518099999999999
591.04 0.95285
591.11 0.95516
591.17 0.95377
591.24 0.95573
591.3 0.9541299999999999
591.37 0.95343
591.43 0.95438
591.5 0.95539
591.56 0.9543699999999999
591.63 0.95899
591.69 0.95938
591.76 0.95473
591.82 0.95869
591.89 0.95753
591.95 0.9605800000000001
592.02 0.95697
592.08 0.95868
592.15 0.96016
592.21 0.95829
592.28 0.96084
592.34 0.96191
592.41 0.96033
592.47 0.9616
592.54 0.9626699999999999
592.6 0.96053
592.67 0.96089
592.73 0.9620000000000001
592.8 0.96232
592.86 0.96219
592.92 0.9647100000000001
592.99 0.9605899999999999
593.05 0.9636199999999999
593.12 0.96403
593.18 0.9618099999999999
593.25 0.96057
593.31 0.96341
593.38 0.96191
593.44 0.96601
593.51 0.96443
593.57 0.9609399999999999
593.64 0.96584
593.7 0.9638899999999999
593.76 0.9664100000000001
593.83 0.9658199999999999
593.89 0.9658100000000001
593.96 0.96552
594.02 0.9621
594.09 0.96539
594.15 0.96489
594.21 0.96447
594.28 0.96789
594.34 0.9631399999999999
594.41 0.96073
594.47 0.96677
594.54 0.9638599999999999
594.6 0.9657899999999999
594.67 0.96295
594.73 0.96235
594.79 0.96309
594.86 0.96569
594.92 0.96238
594.99 0.96568
595.05 0.9649800000000001
595.11 0.96552
595.18 0.96402
595.24 0.96514
595.31 0.96602
595.37 0.9645999999999999
595.44 0.9673099999999999
595.5 0.96072
595.56 0.9636499999999999
595.63 0.96325
595.69 0.96492
595.76 0.96247
595.82 0.9621200000000001
595.88 0.9625900000000001
595.95 0.9630200000000001
596.01 0.96127
596.08 0.9633799999999999
596.14 0.9598399999999999
596.2 0.96366
596.27 0.9625499999999999
596.33 0.96256
596.4 0.96367
596.46 0.96147
596.52 0.95937
596.59 0.9632999999999999
596.65 0.9636100000000001
596.71 0.96288
596.78 0.9610599999999999
596.84 0.96044
596.91 0.96309
596.97 0.9616899999999999
597.03 0.96285
597.1 0.9627800000000001
597.16 0.96222
597.22 0.95868
597.29 0.9650799999999999
597.35 0.9628
597.42 0.9630500000000001
597.48 0.9588500000000001
597.54 0.96222
597.61 0.9614
597.67 0.96245
597.73 0.96185
597.8 0.9598
597.86 0.95806
597.92 0.96309
597.99 0.95975
598.05 0.9576600000000001
598.11 0.95958
598.18 0.9608199999999999
598.24 0.9605
598.31 0.9585899999999999
598.37 0.96018
598.43 0.9572400000000001
598.5 0.96012
598.56 0.96336
598.62 0.96024
598.69 0.95962
598.75 0.96009
598.81 0.95839
598.88 0.96042
598.94 0.96113
599.0 0.95922
599.07 0.96399
599.13 0.9607899999999999
599.19 0.96187
599.26 0.95869
599.32 0.96162
599.38 0.9591500000000001
599.45 0.96309
599.51 0.9603
599.57 0.95831
599.63 0.9627500000000001
599.7 0.95863
599.76 0.96164
599.82 0.96012
599.89 0.96536
599.95 0.9594199999999999
600.01 0.9617
600.08 0.95982
600.14 0.95923
600.2 0.96232
600.27 0.96135
600.33 0.96289
600.39 0.95872
600.45 0.96131
600.52 0.9621999999999999
600.58 0.96175
600.64 0.9589700000000001
600.71 0.96272
600.77 0.95825
600.83 0.96315
600.89 0.96146
600.96 0.9636100000000001
601.02 0.9603100000000001
601.08 0.9631799999999999
601.15 0.9568099999999999
601.21 0.96053
601.27 0.9598300000000001
601.33 0.9617600000000001
601.4 0.96285
601.46 0.96084
601.52 0.96607
601.58 0.96009
601.65 0.9616899999999999
601.71 0.963
601.77 0.9594799999999999
601.84 0.9614
601.9 0.96315
601.96 0.9620000000000001
602.02 0.96163
602.09 0.96186
602.15 0.96294
602.21 0.9591200000000001
602.27 0.95796
602.34 0.9604900000000001
602.4 0.96205
602.46 0.96057
602.52 0.95857
602.59 0.95993
602.65 0.9559799999999999
602.71 0.9601999999999999
602.77 0.9569
602.84 0.9603
602.9 0.95709
602.96 0.95719
603.02 0.9568000000000001
603.08 0.96112
603.15 0.9555400000000001
603.21 0.95569
603.27 0.95792
603.33 0.95363
603.4 0.95557
603.46 0.95926
603.52 0.9565300000000001
603.58 0.95661
603.65 0.9544
603.71 0.9565300000000001
603.77 0.9560200000000001
603.83 0.95467
603.89 0.95587
603.96 0.95706
604.02 0.9565
604.08 0.95164
604.14 0.95438
604.2 0.9497199999999999
604.27 0.95187
604.33 0.9526699999999999
604.39 0.95478
604.45 0.95194
604.51 0.9515600000000001
604.58 0.94613
604.64 0.9461700000000001
604.7 0.9504300000000001
604.76 0.94982
604.82 0.9473
604.89 0.948
604.95 0.94487
605.01 0.94607
605.07 0.9470999999999999
605.13 0.94511
605.19 0.94461
605.26 0.94659
605.32 0.9426000000000001
605.38 0.94526
605.44 0.9431999999999999
605.5 0.94286
605.57 0.94318
605.63 0.94354
605.69 0.9420000000000001
605.75 0.93967
605.81 0.93896
605.87 0.94068
605.94 0.9416800000000001
606.0 0.93948
606.06 0.93659
606.12 0.9383400000000001
606.18 0.9397199999999999
606.24 0.93997
606.3 0.9337000000000001
606.37 0.93841
606.43 0.9337399999999999
606.49 0.9348000000000001
606.55 0.93663
606.61 0.93204
606.67 0.93207
606.73 0.93769
606.8 0.92937
606.86 0.93447
606.92 0.9326099999999999
606.98 0.93414
607.04 0.93105
607.1 0.93196
607.16 0.9295
607.23 0.93144
607.29 0.93078
607.35 0.9304600000000001
607.41 0.93128
607.47 0.9296899999999999
607.53 0.93392
607.59 0.92904
607.65 0.9305800000000001
607.71 0.9270900000000001
607.78 0.92795
607.84 0.9247799999999999
607.9 0.92634
607.96 0.9314199999999999
608.02 0.92303
608.08 0.9277299999999999
608.14 0.92673
608.2 0.9255200000000001
608.26 0.9271699999999999
608.33 0.92669
608.39 0.92814
608.45 0.92585
608.51 0.92448
608.57 0.9273600000000001
608.63 0.9277
608.69 0.92565
608.75 0.92232
608.81 0.9273699999999999
608.87 0.9252800000000001
608.93 0.92624
609.0 0.92486
609.06 0.92658
609.12 0.92741
609.18 0.9273
609.24 0.92491
609.3 0.92479
609.36 0.9266800000000001
609.42 0.9238
609.48 0.92437
609.54 0.92607
609.6 0.9218600000000001
609.66 0.92671
609.72 0.92483
609.78 0.9233499999999999
609.85 0.92609
609.91 0.92326
609.97 0.92806
610.03 0.9242900000000001
610.09 0.9272499999999999
610.15 0.92428
610.21 0.92515
610.27 0.92687
610.33 0.92732
610.39 0.9255599999999999
610.45 0.92609
610.51 0.92955
610.57 0.92703
610.63 0.93001
610.69 0.92739
610.75 0.92865
610.81 0.92875
610.87 0.9281100000000001
610.93 0.9284399999999999
610.99 0.93363
611.05 0.92876
611.11 0.93086
611.17 0.9292
611.23 0.93208
611.29 0.9333199999999999
611.35 0.93125
611.41 0.9307
611.47 0.93418
611.53 0.9343600000000001
611.59 0.9288200000000001
611.66 0.93351
611.72 0.93336
611.78 0.93285
611.84 0.9360599999999999
611.9 0.93745
611.96 0.93702
612.02 0.9377800000000001
612.08 0.93391
612.14 0.93369
612.2 0.93639
612.26 0.93491
612.31 0.93482
612.37 0.9353
612.43 0.93973
612.49 0.93928
612.55 0.93947
612.61 0.9412
612.67 0.9398099999999999
612.73 0.943
612.79 0.9443699999999999
612.86 0.94326
612.93 0.9465300000000001
612.99 0.94319
613.06 0.94757
613.12 0.9460999999999999
613.19 0.94659
613.26 0.94953
613.32 0.94767
613.39 0.94946
613.45 0.9481
613.52 0.94839
613.58 0.9507599999999999
613.65 0.9507099999999999
613.71 0.94879
613.78 0.95226
613.85 0.95288
613.91 0.95068
613.98 0.95187
614.04 0.95565
614.11 0.9523199999999999
614.17 0.9544400000000001
614.24 0.9543
614.31 0.95479
614.37 0.95011
614.44 0.95037
614.5 0.95384
614.57 0.95718
614.63 0.95477
614.7 0.95382
614.76 0.95504
614.83 0.9581399999999999
614.9 0.95447
614.96 0.9573999999999999
615.03 0.9589700000000001
615.09 0.9541
615.16 0.9545999999999999
615.22 0.95675
615.29 0.96081
615.35 0.9576399999999999
615.42 0.95498
615.48 0.95794
615.55 0.95761
615.62 0.96113
615.68 0.9618800000000001
615.75 0.95839
615.81 0.9611799999999999
615.88 0.9611
615.94 0.96097
616.01 0.9600700000000001
616.07 0.95937
616.14 0.96146
616.2 0.95963
616.27 0.9623999999999999
616.33 0.9606699999999999
616.4 0.96336
616.46 0.9627
616.53 0.95797
616.59 0.96053
616.66 0.95867
616.73 0.96187
616.79 0.96271
616.86 0.96356
616.92 0.9616
616.99 0.96311
617.05 0.9623900000000001
617.12 0.96312
617.18 0.96231
617.25 0.9604
617.31 0.96282
617.38 0.96186
617.44 0.96311
617.51 0.96236
617.57 0.96172
617.64 0.96485
617.7 0.96492
617.77 0.96296
617.83 0.9620799999999999
617.9 0.95985
617.96 0.96462
618.03 0.96341
618.09 0.96317
618.16 0.9640900000000001
618.22 0.96258
618.29 0.96363
618.35 0.9575499999999999
618.42 0.96309
618.48 0.96088
618.55 0.96013
618.61 0.9614100000000001
618.68 0.9599500000000001
618.74 0.96418
618.81 0.96152
618.87 0.9599
618.94 0.96392
619.0 0.95855
619.07 0.9612
619.13 0.96309
619.2 0.96185
619.26 0.95902
619.33 0.9573
619.39 0.9588899999999999
619.46 0.9566899999999999
619.52 0.9586
619.59 0.95959
619.65 0.9610599999999999
619.72 0.95746
619.78 0.9560200000000001
619.85 0.9593600000000001
619.91 0.96017
619.98 0.9593600000000001
620.04 0.95896
620.11 0.9575499999999999
620.17 0.9588599999999999
620.23 0.9541200000000001
620.3 0.95759
620.36 0.9575100000000001
620.43 0.95856
620.49 0.95923
620.56 0.9564100000000001
620.62 0.95501
620.69 0.95601
620.75 0.9545999999999999
620.82 0.95229
620.88 0.95298
620.95 0.9521999999999999
621.01 0.95678
621.08 0.95789
621.14 0.95571
621.2 0.9504900000000001
621.27 0.95709
621.33 0.95088
621.4 0.9515
621.46 0.95176
621.53 0.95391
621.59 0.9503400000000001
621.66 0.95074
621.72 0.9477599999999999
621.79 0.94697
621.85 0.94896
621.91 0.94908
621.98 0.9496800000000001
622.04 0.95348
622.11 0.94786
622.17 0.94254
622.24 0.9485899999999999
622.3 0.93987
622.37 0.94597
622.43 0.94538
622.49 0.9438
622.56 0.9449599999999999
622.62 0.9429099999999999
622.69 0.94441
622.75 0.9460500000000001
622.82 0.941
622.88 0.9424399999999999
622.94 0.9396
623.01 0.9393
623.07 0.93998
623.14 0.9356
623.2 0.93982
623.27 0.9334600000000001
623.33 0.9353
623.39 0.93598
623.46 0.93851
623.52 0.9378
623.59 0.9385800000000001
623.65 0.93561
623.72 0.93525
623.78 0.93298
623.84 0.9317799999999999
623.91 0.92845
623.97 0.93255
624.04 0.92672
624.1 0.92865
624.16 0.93411
624.23 0.93286
624.29 0.9320900000000001
624.36 0.92608
624.42 0.92952
624.49 0.9274
624.55 0.92522
624.61 0.92682
624.68 0.92357
624.74 0.92686
624.81 0.92479
624.87 0.9235
624.93 0.9221299999999999
625.0 0.9211
625.06 0.9208
625.13 0.9188500000000001
625.19 0.9212
625.25 0.92405
625.32 0.92211
625.38 0.91857
625.45 0.91621
625.51 0.91472
625.57 0.91645
625.64 0.9142100000000001
625.7 0.91471
625.76 0.91484
625.83 0.9148499999999999
625.89 0.91203
625.96 0.9117400000000001
626.02 0.91228
626.08 0.91281
626.15 0.91361
626.21 0.91032
626.27 0.90931
626.34 0.912
626.4 0.9074599999999999
626.47 0.90901
626.53 0.9081100000000001
626.59 0.9035299999999999
626.66 0.90535
626.72 0.90601
626.78 0.9037000000000001
626.85 0.9050199999999999
626.91 0.904
626.98 0.9007599999999999
627.04 0.9058499999999999
627.1 0.90156
627.17 0.9084399999999999
627.23 0.90681
627.29 0.90342
627.36 0.9007999999999999
627.42 0.89842
627.48 0.90172
627.55 0.90337
627.61 0.89998
627.68 0.9018
627.74 0.9027
627.8 0.89898
627.87 0.89859
627.93 0.90069
627.99 0.89873
628.06 0.89436
628.12 0.9006399999999999
628.18 0.89976
628.25 0.8967100000000001
628.31 0.89691
628.37 0.9003700000000001
628.44 0.89518
628.5 0.8972100000000001
628.56 0.8990900000000001
628.63 0.9002899999999999
628.69 0.8970600000000001
628.75 0.8983599999999999
628.82 0.89744
628.88 0.8961
628.94 0.89435
629.01 0.89831
629.07 0.8943300000000001
629.13 0.89632
629.2 0.8957299999999999
629.26 0.8976999999999999
629.32 0.8959900000000001
629.39 0.89849
629.45 0.89601
629.51 0.89456
629.58 0.8963800000000001
629.64 0.89615
629.7 0.89822
629.77 0.89735
629.83 0.89693
629.89 0.89709
629.96 0.8970699999999999
630.02 0.89759
630.08 0.89717
630.14 0.8967
630.21 0.89598
630.27 0.8969199999999999
630.33 0.90038
630.4 0.8996599999999999
630.46 0.8967400000000001
630.52 0.89873
630.59 0.89847
630.65 0.89587
630.71 0.8989499999999999
630.77 0.8995799999999999
630.84 0.89932
630.9 0.8982800000000001
630.96 0.90228
631.03 0.9013500000000001
631.09 0.90169
631.15 0.90373
631.22 0.9051699999999999
631.28 0.9006000000000001
631.34 0.90251
631.4 0.90238
631.47 0.9023300000000001
631.53 0.90137
631.59 0.9035
631.66 0.90392
631.72 0.90781
631.78 0.9043399999999999
631.84 0.90309
631.91 0.9080400000000001
631.97 0.90794
632.03 0.9061499999999999
632.09 0.90422
632.16 0.90782
632.22 0.90718
632.28 0.9084699999999999
632.35 0.9093300000000001
632.41 0.9092199999999999
632.47 0.90878
632.53 0.90706
632.6 0.91072
632.66 0.9102
632.72 0.91081
632.78 0.9097799999999999
632.85 0.91252
632.91 0.91482
632.97 0.91375
633.03 0.91269
633.1 0.91539
633.16 0.9167700000000001
633.22 0.91899
633.28 0.9189499999999999
633.35 0.9187000000000001
633.41 0.92027
633.47 0.91679
633.53 0.9211400000000001
633.6 0.91861
633.66 0.92092
633.72 0.92038
633.78 0.92132
633.85 0.92184
633.91 0.92375
633.97 0.92388
634.03 0.92786
634.1 0.9199299999999999
634.16 0.92672
634.22 0.92496
634.28 0.92824
634.35 0.92352
634.41 0.9251600000000001
634.47 0.92561
634.53 0.9256300000000001
634.6 0.9260299999999999
634.66 0.9264600000000001
634.72 0.92757
634.78 0.92991
634.84 0.9333400000000001
634.91 0.93395
634.97 0.93145
635.03 0.93269
635.09 0.9308
635.15 0.93235
635.22 0.94934
635.28 0.9315399999999999
635.34 0.93356
635.4 0.935
635.47 0.9349299999999999
635.53 0.93597
635.59 0.93183
635.65 0.9343300000000001
635.71 0.93239
635.78 0.93396
635.84 0.9368899999999999
635.9 0.9348000000000001
635.96 0.9396899999999999
636.02 0.93368
636.09 0.93982
636.15 0.94081
636.21 0.9401999999999999
636.27 0.9382299999999999
636.33 0.9399
636.4 0.9400799999999999
636.46 0.9411499999999999
636.52 0.9397199999999999
636.58 0.93674
636.64 0.94337
636.71 0.94243
636.77 0.9411799999999999
636.83 0.94431
636.89 0.94132
636.95 0.94499
637.01 0.9423900000000001
637.08 0.94498
637.14 0.9466899999999999
637.2 0.94453
637.26 0.94448
637.32 0.9461799999999999
637.38 0.9475
637.45 0.9435899999999999
637.51 0.94339
637.57 0.94538
637.63 0.94266
637.69 0.9464400000000001
637.75 0.9462900000000001
637.82 0.94708
637.88 0.9466800000000001
637.94 0.94479
638.0 0.94918
638.06 0.9470999999999999
638.12 0.94586
638.19 0.94441
638.25 0.9466100000000001
638.31 0.94744
638.37 0.94723
638.43 0.94882
638.49 0.94939
638.55 0.9444400000000001
638.62 0.94746
638.68 0.94601
638.74 0.94666
638.8 0.9488800000000001
638.86 0.94842
638.92 0.94621
638.98 0.9491200000000001
639.07 0.94986
639.14 0.9503499999999999
639.2 0.9467300000000001
639.26 0.94459
639.33 0.94694
639.39 0.95139
639.45 0.9507599999999999
639.52 0.9445399999999999
639.58 0.9492400000000001
639.64 0.9498300000000001
639.71 0.9489700000000001
639.77 0.94883
639.83 0.9462999999999999
639.9 0.94989
639.96 0.9506
640.02 0.94881
640.09 0.95036
640.15 0.94503
640.21 0.9496899999999999
640.28 0.95137
640.34 0.9458
640.4 0.94509
640.47 0.94877
640.53 0.9434999999999999
640.59 0.94829
640.65 0.94627
640.72 0.94538
640.78 0.9494
640.84 0.94542
640.91 0.94616
640.97 0.9442499999999999
641.03 0.94686
641.1 0.9470000000000001
641.16 0.9473
641.22 0.9492100000000001
641.29 0.95028
641.35 0.94857
641.41 0.9475
641.47 0.94903
641.54 0.94556
641.6 0.94542
641.66 0.9471599999999999
641.73 0.9457599999999999
641.79 0.9472700000000001
641.85 0.94514
641.91 0.94699
641.98 0.9476
642.04 0.9473999999999999
642.1 0.94611
642.17 0.94735
642.23 0.9489
642.29 0.9486199999999999
642.35 0.9472400000000001
642.42 0.9520000000000001
642.48 0.94524
642.54 0.94867
642.61 0.9448399999999999
642.67 0.94817
642.73 0.94423
642.79 0.9505899999999999
642.86 0.9491200000000001
642.92 0.94705
642.98 0.9491299999999999
643.04 0.9472400000000001
643.11 0.94768
643.17 0.94768
643.23 0.9499599999999999
643.3 0.9468099999999999
643.36 0.9453900000000001
643.42 0.95042
643.48 0.9488800000000001
643.55 0.94744
643.61 0.9503400000000001
643.67 0.94746
643.73 0.95057
643.8 0.95038
643.86 0.94745
643.92 0.94918
643.98 0.95148
644.05 0.9539799999999999
644.11 0.94964
644.17 0.95097
644.23 0.9488800000000001
644.3 0.94825
644.36 0.9492499999999999
644.42 0.9514900000000001
644.48 0.94844
644.55 0.94851
644.61 0.95222
644.67 0.9489700000000001
644.73 0.95012
644.8 0.94939
644.86 0.9530500000000001
644.92 0.9504699999999999
644.98 0.9532299999999999
645.05 0.9488500000000001
645.11 0.95234
645.17 0.95443
645.23 0.9492700000000001
645.3 0.9556100000000001
645.36 0.94782
645.42 0.9518300000000001
645.48 0.95202
645.55 0.95285
645.61 0.95465
645.67 0.9526
645.73 0.95434
645.79 0.95465
645.86 0.95654
645.92 0.9520000000000001
645.98 0.95341
646.04 0.95261
646.11 0.9523900000000001
646.17 0.9551099999999999
646.23 0.9538899999999999
646.29 0.95721
646.35 0.95654
646.42 0.95452
646.48 0.9554600000000001
646.54 0.9534
646.6 0.9544400000000001
646.67 0.95709
646.73 0.9548300000000001
646.79 0.95377
646.85 0.95537
646.91 0.95687
646.98 0.95538
647.04 0.95643
647.1 0.95841
647.16 0.9564100000000001
647.22 0.9567700000000001
647.29 0.9551000000000001
647.35 0.9565699999999999
647.41 0.9568300000000001
647.47 0.95557
647.53 0.9562
647.6 0.95463
647.66 0.95383
647.72 0.9623999999999999
647.78 0.96021
647.84 0.961
647.91 0.95785
647.97 0.9615
648.03 0.9605800000000001
648.09 0.96369
648.15 0.95864
648.22 0.9570099999999999
648.28 0.95869
648.34 0.95966
648.4 0.95941
648.46 0.96072
648.52 0.95939
648.59 0.96348
648.65 0.96202
648.71 0.9614100000000001
648.77 0.96089
648.83 0.9592100000000001
648.9 0.9582599999999999
648.96 0.96166
649.02 0.96479
649.08 0.96229
649.14 0.9609300000000001
649.2 0.96312
649.27 0.96306
649.33 0.9622700000000001
649.39 0.96241
649.45 0.9601099999999999
649.51 0.96449
649.57 0.96273
649.64 0.96107
649.7 0.95852
649.76 0.96273
649.82 0.9618099999999999
649.88 0.96348
649.94 0.9617
650.0 0.96312
650.07 0.9641500000000001
650.13 0.95922
650.19 0.9597199999999999
650.25 0.96467
650.31 0.96658
650.37 0.9629300000000001
650.44 0.9648699999999999
650.5 0.965
650.56 0.96623
650.62 0.96383
650.68 0.96539
650.74 0.9610299999999999
650.8 0.9642700000000001
650.87 0.9615600000000001
650.93 0.96269
650.99 0.96027
651.05 0.9657899999999999
651.11 0.9631399999999999
651.17 0.9641299999999999
651.23 0.96595
651.29 0.9614100000000001
651.36 0.9626300000000001
651.42 0.9650700000000001
651.48 0.96404
651.54 0.96348
651.6 0.96223
651.66 0.9653400000000001
651.72 0.96829
651.79 0.9629300000000001
651.85 0.9620799999999999
651.91 0.96282
651.97 0.9642700000000001
652.03 0.9654900000000001
652.09 0.9630200000000001
652.15 0.9611
652.21 0.9655800000000001
652.27 0.9626600000000001
652.34 0.9606699999999999
652.4 0.96155
652.46 0.96358
652.52 0.9649599999999999
652.58 0.9655
652.64 0.96191
652.7 0.9671299999999999
652.76 0.96182
652.82 0.96371
652.89 0.96108
652.95 0.96375
653.01 0.96421
653.07 0.9671299999999999
653.13 0.96414
653.19 0.96206
653.25 0.96229
653.31 0.9667600000000001
653.37 0.96408
653.43 0.96038
653.5 0.9629300000000001
653.56 0.96027
653.62 0.96492
653.68 0.96301
653.74 0.96548
653.8 0.9661
653.86 0.96686
653.92 0.9662900000000001
653.98 0.95953
654.04 0.96329
654.1 0.9658100000000001
654.16 0.9664400000000001
654.23 0.96207
654.29 0.9649
654.35 0.9640099999999999
654.41 0.96576
654.47 0.9662099999999999
654.53 0.9665600000000001
654.59 0.96539
654.65 0.95949
654.71 0.96575
654.77 0.9649
654.83 0.9660299999999999
654.89 0.9674200000000001
654.95 0.9650799999999999
655.01 0.96768
655.07 0.96455
655.14 0.9643200000000001
655.2 0.9639
655.26 0.96283
655.32 0.9652
655.38 0.96613
655.44 0.96712
655.5 0.9645900000000001
655.56 0.95939
655.62 0.96559
655.68 0.96348
655.74 0.96557
655.8 0.96608
655.86 0.96378
655.92 0.9665699999999999
655.98 0.9626699999999999
656.04 0.96479
656.1 0.9640000000000001
656.16 0.9639
656.22 0.9639
656.28 0.9669199999999999
656.34 0.9656600000000001
656.41 0.96462
656.47 0.9637699999999999
656.53 0.96289
656.59 0.96257
656.65 0.96462
656.71 0.9633499999999999
656.77 0.9655
656.83 0.96077
656.89 0.9655
656.95 0.96429
657.01 0.9676600000000001
657.07 0.96698
657.13 0.9670799999999999
657.19 0.9649599999999999
657.25 0.9686100000000001
657.31 0.9665699999999999
657.37 0.96816
657.43 0.96665
657.49 0.96551
657.55 0.96358
657.61 0.9685299999999999
657.67 0.96673
657.73 0.965
657.79 0.9633700000000001
657.85 0.96575
657.91 0.96463
657.97 0.96817
658.03 0.96583
658.09 0.96482
658.15 0.96762
658.21 0.96504
658.27 0.96879
658.33 0.96422
658.39 0.96693
658.45 0.9670399999999999
658.51 0.96481
658.57 0.96627
658.63 0.9656999999999999
658.69 0.96707
658.75 0.96768
658.81 0.96637
658.87 0.9680500000000001
658.93 0.96639
658.99 0.96661
659.05 0.9677
659.11 0.96829
659.17 0.96787
659.23 0.96563
659.29 0.96406
659.35 0.96533
659.41 0.96599
659.47 0.96592
659.53 0.96147
659.59 0.96399
659.65 0.96563
659.71 0.96809
659.77 0.9697499999999999
659.82 0.96419
659.88 0.96674
659.94 0.9645199999999999
660.0 0.96557
660.06 0.96875
660.12 0.96399
660.18 0.9660599999999999
660.24 0.96548
660.3 0.9699500000000001
660.36 0.96465
660.42 0.96556
660.48 0.9675
660.54 0.96698
660.6 0.9652200000000001
660.66 0.96682
660.72 0.96485
660.78 0.96411
660.84 0.9653499999999999
660.9 0.96571
660.96 0.96777
661.02 0.96081
661.07 0.96548
661.13 0.96747
661.19 0.96336
661.25 0.96476
661.31 0.96543
661.37 0.9667100000000001
661.43 0.9631000000000001
661.49 0.96492
661.55 0.96312
661.61 0.96505
661.67 0.9654600000000001
661.73 0.96686
661.79 0.9642499999999999
661.85 0.96569
661.9 0.96518
661.96 0.96475
662.02 0.96237
662.08 0.96655
662.14 0.9624299999999999
662.2 0.96257
662.26 0.9639
662.32 0.9636100000000001
662.38 0.9639
662.44 0.9626
662.5 0.96232
662.56 0.96541
662.61 0.9662900000000001
662.67 0.96615
662.73 0.96809
662.79 0.9656
662.85 0.9671500000000001
662.91 0.96502
662.97 0.9645699999999999
663.03 0.96468
663.09 0.9652299999999999
663.14 0.9644400000000001
663.2 0.96363
663.26 0.96328
663.32 0.96433
663.38 0.96136
663.44 0.9659300000000001
663.5 0.96474
663.56 0.96309
663.62 0.96462
663.67 0.96327
663.73 0.96441
663.79 0.9622799999999999
663.85 0.96313
663.91 0.96076
663.97 0.96369
664.03 0.9629800000000001
664.09 0.9654200000000001
664.14 0.9641299999999999
664.2 0.96345
664.26 0.9619199999999999
664.32 0.9596800000000001
664.38 0.96407
664.44 0.96475
664.5 0.96619
664.56 0.96277
664.61 0.9648300000000001
664.67 0.96048
664.73 0.9619
664.79 0.9666899999999999
664.85 0.96199
664.91 0.96325
664.97 0.9626600000000001
665.02 0.9615600000000001
665.08 0.9643600000000001
665.14 0.96356
665.2 0.95953
665.26 0.95958
665.32 0.96203
665.37 0.9621599999999999
665.43 0.9645999999999999
665.49 0.96193
665.55 0.96257
665.61 0.96654
665.67 0.9604600000000001
665.72 0.96557
665.78 0.9601999999999999
665.84 0.96257
665.9 0.9626
665.96 0.96404
666.02 0.9617100000000001
666.07 0.9630200000000001
666.13 0.96092
666.19 0.9633499999999999
666.25 0.96206
666.31 0.96343
666.37 0.9603700000000001
666.42 0.9613200000000001
666.48 0.96032
666.54 0.95882
666.6 0.9633400000000001
666.66 0.9590099999999999
666.71 0.96686
666.77 0.96285
666.83 0.96147
666.89 0.96041
666.95 0.95975
667.0 0.9637399999999999
667.06 0.96308
667.12 0.9662099999999999
667.18 0.96277
667.24 0.9630200000000001
667.29 0.96375
667.35 0.96504
667.41 0.9607899999999999
667.47 0.9624299999999999
667.53 0.96244
667.58 0.96348
667.64 0.9618099999999999
667.7 0.96344
667.76 0.96406
667.82 0.95865
667.87 0.9599
667.93 0.9632200000000001
667.99 0.9638599999999999
668.05 0.9645199999999999
668.1 0.96125
668.16 0.96681
668.22 0.9617
668.28 0.9618000000000001
668.34 0.9637600000000001
668.39 0.95931
668.45 0.96295
668.51 0.9599599999999999
668.57 0.96336
668.62 0.9623999999999999
668.68 0.9636199999999999
668.74 0.96294
668.8 0.96209
668.85 0.96221
668.91 0.96244
668.97 0.96081
669.03 0.9667600000000001
669.08 0.9619199999999999
669.14 0.96681
669.2 0.96152
669.26 0.9607899999999999
669.31 0.96824
669.37 0.96277
669.43 0.9619
669.49 0.96055
669.54 0.96053
669.6 0.96529
669.66 0.96348
669.72 0.96619
669.77 0.9629800000000001
669.83 0.96152
669.89 0.96493
669.95 0.9630500000000001
670.0 0.96247
670.06 0.96458
670.12 0.9648300000000001
670.18 0.96639
670.23 0.9615
670.29 0.96356
670.35 0.96172
670.4 0.9655
670.46 0.96366
670.52 0.9659300000000001
670.58 0.96615
670.63 0.96416
670.69 0.9669599999999999
670.75 0.96237
670.8 0.96131
670.86 0.9648300000000001
670.92 0.96589
670.98 0.9650799999999999
671.03 0.96404
671.09 0.96613
671.15 0.9629800000000001
671.2 0.9640099999999999
671.26 0.9618800000000001
671.32 0.96224
671.37 0.9645999999999999
671.43 0.96307
671.49 0.9662099999999999
671.55 0.9664
671.6 0.9608
671.66 0.9662099999999999
671.72 0.96195
671.77 0.96556
671.83 0.96539
671.89 0.95993
671.94 0.96466
672.0 0.96355
672.06 0.96426
672.11 0.96329
672.17 0.9632
672.23 0.9627500000000001
672.28 0.96301
672.34 0.9627899999999999
672.4 0.9641500000000001
672.45 0.9626399999999999
672.51 0.9633799999999999
672.57 0.9595
672.62 0.96235
672.68 0.96453
672.74 0.96116
672.79 0.9617
672.85 0.96355
672.91 0.96647
672.96 0.96343
673.02 0.96556
673.08 0.9633400000000001
673.13 0.95939
673.19 0.9618300000000001
673.25 0.9613700000000001
673.3 0.96463
673.36 0.96045
673.42 0.96187
673.47 0.9616899999999999
673.53 0.9606699999999999
673.58 0.9595999999999999
673.64 0.9592
673.7 0.95864
673.75 0.96297
673.81 0.9593600000000001
673.87 0.96194
673.92 0.96024
673.98 0.95914
674.04 0.95899
674.09 0.9627800000000001
674.15 0.9604600000000001
674.2 0.95878
674.26 0.9609399999999999
674.32 0.9577
674.37 0.96182
674.43 0.96363
674.48 0.96503
674.54 0.9602299999999999
674.6 0.9566899999999999
674.65 0.96119
674.71 0.9593200000000001
674.77 0.95953
674.82 0.96111
674.88 0.9588599999999999
674.93 0.96095
674.99 0.9575499999999999
675.05 0.96044
675.1 0.95923
675.16 0.95911
675.21 0.95973
675.27 0.95864
675.33 0.95545
675.38 0.95773
675.44 0.96044
675.49 0.95783
675.55 0.95993
675.6 0.9554900000000001
675.66 0.9591299999999999
675.72 0.95845
675.77 0.95742
675.83 0.9558599999999999
675.88 0.95757
675.94 0.9605
676.0 0.95612
676.05 0.9607899999999999
676.11 0.95485
676.16 0.9571200000000001
676.22 0.95895
676.27 0.95813
676.33 0.95747
676.39 0.96139
676.44 0.9550799999999999
676.5 0.95975
676.55 0.95265
676.61 0.9560599999999999
676.66 0.9571599999999999
676.72 0.9542
676.77 0.9579099999999999
676.83 0.95648
676.89 0.95518
676.94 0.95387
677.0 0.95673
677.05 0.95585
677.11 0.95674
677.16 0.9556999999999999
677.22 0.95474
677.27 0.95627
677.33 0.9572499999999999
677.38 0.95601
677.44 0.95748
677.49 0.95502
677.55 0.95571
677.61 0.9538599999999999
677.66 0.95761
677.72 0.95324
677.77 0.95343
677.83 0.95321
677.88 0.95415
677.94 0.9539799999999999
677.99 0.95229
678.05 0.9553
678.1 0.9516100000000001
678.16 0.95557
678.21 0.9602299999999999
678.27 0.9535800000000001
678.32 0.95569
678.38 0.95172
678.43 0.9556699999999999
678.49 0.9530299999999999
678.54 0.95202
678.6 0.9515300000000001
678.65 0.95623
678.71 0.95394
678.76 0.95654
678.82 0.9527100000000001
678.87 0.95284
678.93 0.95353
678.98 0.95325
679.04 0.95197
679.09 0.9544799999999999
679.15 0.95467
679.2 0.9554300000000001
679.26 0.95415
679.31 0.95328
679.37 0.9526699999999999
679.42 0.95304
679.48 0.95274
679.53 0.95004
679.59 0.94997
679.64 0.95416
679.69 0.9556699999999999
679.75 0.9520099999999999
679.8 0.95172
679.86 0.9526399999999999
679.91 0.95498
679.97 0.95282
680.02 0.95301
680.08 0.95254
680.13 0.95376
680.19 0.9518899999999999
680.24 0.9534900000000001
680.3 0.95729
680.35 0.95254
680.4 0.95234
680.46 0.95639
680.51 0.95247
680.57 0.9533
680.62 0.9515600000000001
680.68 0.95525
680.73 0.95099
680.79 0.9515
680.84 0.95375
680.89 0.95513
680.95 0.9510599999999999
681.0 0.95143
681.06 0.95394
681.11 0.95682
681.17 0.9498399999999999
681.22 0.95569
681.27 0.95563
681.33 0.9546899999999999
681.38 0.95816
681.44 0.95288
681.49 0.95458
681.54 0.95036
681.6 0.95441
681.65 0.9539
681.71 0.9522799999999999
681.76 0.9560200000000001
681.82 0.9536
681.87 0.9531999999999999
681.92 0.95667
681.98 0.95492
682.03 0.95439
682.09 0.9548000000000001
682.14 0.95367
682.19 0.95429
682.25 0.9535399999999999
682.3 0.9553400000000001
682.36 0.9529000000000001
682.41 0.95652
682.46 0.95309
682.52 0.9546800000000001
682.57 0.9543600000000001
682.62 0.95485
682.68 0.95935
682.73 0.9554900000000001
682.79 0.95241
682.84 0.9548300000000001
682.89 0.95364
682.95 0.9554300000000001
683.0 0.95703
683.05 0.9560500000000001
683.11 0.95699
683.16 0.9559399999999999
683.22 0.95443
683.27 0.95474
683.32 0.95479
683.38 0.95714
683.43 0.9577899999999999
683.48 0.95332
683.54 0.95565
683.59 0.95604
683.64 0.95623
683.7 0.95609
683.75 0.95643
683.8 0.95655
683.86 0.9578
683.91 0.9595
683.96 0.9565
684.02 0.95369
684.07 0.95726
684.13 0.9547100000000001
684.18 0.96119
684.23 0.9578700000000001
684.29 0.9622499999999999
684.34 0.96026
684.39 0.9570099999999999
684.44 0.95697
684.5 0.9579300000000001
684.55 0.96
684.6 0.9600700000000001
684.66 0.95923
684.71 0.95794
684.76 0.9575199999999999
684.82 0.9614100000000001
684.87 0.95953
684.92 0.9606999999999999
684.98 0.95798
685.03 0.96316
685.08 0.95939
685.14 0.95832
685.19 0.9561
685.24 0.95796
685.29 0.96017
685.35 0.9591299999999999
685.4 0.9632999999999999
685.45 0.9644499999999999
685.51 0.9618099999999999
685.56 0.9587399999999999
685.61 0.96236
685.67 0.96024
685.72 0.95914
685.77 0.9579099999999999
685.82 0.95939
685.88 0.96055
685.93 0.95937
685.98 0.9581399999999999
686.04 0.96088
686.09 0.9623999999999999
686.14 0.96222
686.19 0.95869
686.25 0.96628
686.3 0.9590900000000001
686.35 0.96095
686.4 0.95871
686.46 0.96312
686.51 0.96306
686.56 0.96178
686.61 0.96463
686.65 0.96001
686.71 0.96245
686.77 0.95967
686.83 0.96226
686.89 0.9633799999999999
686.94 0.96299
687.0 0.96038
687.06 0.96119
687.12 0.9595999999999999
687.18 0.9599899999999999
687.24 0.9616899999999999
687.29 0.9621299999999999
687.35 0.96123
687.41 0.9632200000000001
687.47 0.9632999999999999
687.53 0.9644799999999999
687.59 0.96084
687.64 0.96437
687.7 0.96315
687.76 0.96312
687.82 0.9606399999999999
687.88 0.96354
687.94 0.9675100000000001
687.99 0.9644499999999999
688.05 0.95871
688.11 0.9620799999999999
688.17 0.96431
688.23 0.961
688.29 0.96585
688.34 0.9656100000000001
688.4 0.96057
688.46 0.96327
688.52 0.96316
688.58 0.9651900000000001
688.64 0.96403
688.69 0.96417
688.75 0.96454
688.81 0.96311
688.87 0.9621500000000001
688.93 0.96479
688.98 0.96358
689.04 0.96636
689.1 0.9656
689.16 0.96257
689.22 0.9615
689.28 0.96439
689.33 0.96521
689.39 0.96648
689.45 0.9613200000000001
689.51 0.96352
689.57 0.96845
689.62 0.9614
689.68 0.96552
689.74 0.96348
689.8 0.96501
689.86 0.96485
689.91 0.9662000000000001
689.97 0.96407
690.03 0.96467
690.09 0.9693600000000001
690.14 0.9667
690.2 0.9645600000000001
690.26 0.9645699999999999
690.32 0.97089
690.38 0.96309
690.43 0.9662999999999999
690.49 0.96447
690.55 0.96675
690.61 0.96391
690.67 0.9638
690.72 0.96729
690.78 0.9676699999999999
690.84 0.96714
690.9 0.96938
690.95 0.9643600000000001
691.01 0.96639
691.07 0.96699
691.13 0.96833
691.19 0.96714
691.24 0.96685
691.3 0.96759
691.36 0.96551
691.42 0.96616
691.47 0.96719
691.53 0.96714
691.59 0.9642700000000001
691.65 0.9669599999999999
691.7 0.96559
691.76 0.9611799999999999
691.82 0.96848
691.88 0.96638
691.93 0.9675
691.99 0.96625
692.05 0.97056
692.11 0.96921
692.16 0.96929
692.22 0.9672799999999999
692.28 0.96698
692.34 0.97272
692.39 0.9658199999999999
692.45 0.96711
692.51 0.9682999999999999
692.57 0.9675400000000001
692.62 0.97013
692.68 0.9665600000000001
692.74 0.96613
692.8 0.9662099999999999
692.85 0.96393
692.91 0.96638
692.97 0.9661700000000001
693.03 0.9662999999999999
693.08 0.96695
693.14 0.96863
693.2 0.96899
693.26 0.9670300000000001
693.31 0.96737
693.37 0.9640900000000001
693.43 0.9687699999999999
693.48 0.96474
693.54 0.96925
693.6 0.97085
693.66 0.9683499999999999
693.71 0.9664100000000001
693.77 0.9669199999999999
693.83 0.96836
693.89 0.96748
693.94 0.96288
694.0 0.96967
694.06 0.96819
694.11 0.96737
694.17 0.9648399999999999
694.23 0.96733
694.29 0.96902
694.34 0.9641
694.4 0.96466
694.46 0.9667
694.51 0.9626699999999999
694.57 0.9651099999999999
694.63 0.9656699999999999
694.68 0.9656399999999999
694.74 0.9671299999999999
694.8 0.9659099999999999
694.86 0.96608
694.91 0.96726
694.97 0.97075
695.03 0.96624
695.08 0.96738
695.14 0.96828
695.2 0.96748
695.25 0.96771
695.31 0.96411
695.37 0.96702
695.43 0.9670000000000001
695.48 0.9658
695.54 0.9638599999999999
695.6 0.9619199999999999
695.65 0.9658599999999999
695.71 0.96939
695.77 0.9703
695.82 0.96643
695.88 0.96794
695.94 0.96949
695.99 0.96525
696.05 0.96494
696.11 0.96613
696.16 0.9665300000000001
696.22 0.96674
696.28 0.9645900000000001
696.33 0.9640099999999999
696.39 0.96687
696.45 0.96643
696.5 0.97045
696.56 0.96694
696.62 0.9677899999999999
696.67 0.96485
696.73 0.96884
696.79 0.96695
696.84 0.96883
696.9 0.9630200000000001
696.96 0.96732
697.01 0.96382
697.07 0.9638599999999999
697.13 0.96744
697.18 0.96584
697.24 0.9663299999999999
697.3 0.96686
697.35 0.97077
697.41 0.96235
697.46 0.9672700000000001
697.52 0.96681
697.58 0.96536
697.63 0.96481
697.69 0.9653700000000001
697.75 0.9610299999999999
697.8 0.9647
697.86 0.96514
697.92 0.9649500000000001
697.97 0.9645199999999999
698.03 0.96856
698.08 0.9664100000000001
698.14 0.9664100000000001
698.2 0.9652200000000001
698.25 0.96654
698.31 0.96628
698.37 0.96577
698.42 0.96443
698.48 0.9655800000000001
698.53 0.9631000000000001
698.59 0.96449
698.65 0.96417
698.7 0.96726
698.76 0.9659
698.82 0.96623
698.87 0.9659
698.93 0.96769
698.98 0.96707
699.04 0.9653
699.1 0.9659099999999999
699.15 0.9672700000000001
699.21 0.9664499999999999
699.26 0.9665
699.32 0.96642
699.38 0.96466
699.43 0.96665
699.49 0.96235
699.54 0.96697
699.6 0.96473
699.66 0.96611
699.71 0.9626
699.77 0.9678100000000001
699.82 0.96343
699.88 0.9633700000000001
699.94 0.96637
699.99 0.968
700.05 0.96481
700.1 0.9665600000000001
700.16 0.96319
700.22 0.9634
700.27 0.9629300000000001
700.33 0.966
700.38 0.968
700.44 0.9632
700.49 0.96509
700.55 0.96628
700.61 0.96831
700.66 0.96191
700.72 0.96595
700.77 0.96177
700.83 0.96247
700.88 0.9620000000000001
700.94 0.96394
701.0 0.96654
701.05 0.96166
701.11 0.96428
701.16 0.96695
701.22 0.9616800000000001
701.27 0.96516
701.33 0.96514
701.38 0.96327
701.44 0.96321
701.5 0.9619
701.55 0.96383
701.61 0.9588800000000001
701.66 0.96429
701.72 0.96044
701.77 0.96428
701.83 0.9636199999999999
701.88 0.9632200000000001
701.94 0.9648399999999999
701.99 0.96316
702.05 0.96422
702.11 0.96433
702.16 0.96261
702.22 0.9632599999999999
702.27 0.9615699999999999
702.33 0.9618099999999999
702.38 0.9630299999999999
702.44 0.9657899999999999
702.49 0.9634
702.55 0.96541
702.6 0.96613
702.66 0.96021
702.71 0.9656100000000001
702.77 0.9619
702.82 0.96346
702.88 0.9625
702.94 0.96597
702.99 0.96199
703.05 0.96548
703.1 0.9618800000000001
703.16 0.96242
703.21 0.96324
703.27 0.9650799999999999
703.32 0.96104
703.38 0.96343
703.43 0.9626399999999999
703.49 0.96514
703.54 0.9601900000000001
703.6 0.9660599999999999
703.65 0.9629300000000001
703.71 0.96317
703.76 0.96493
703.82 0.9598
703.87 0.96489
703.93 0.96021
703.98 0.9658199999999999
704.04 0.96301
704.09 0.9625199999999999
704.15 0.96312
704.2 0.96308
704.26 0.9643
704.31 0.96256
704.37 0.9644499999999999
704.42 0.96276
704.48 0.96222
704.53 0.96327
704.59 0.96623
704.64 0.9626300000000001
704.69 0.96482
704.75 0.9660500000000001
704.8 0.9643600000000001
704.86 0.9632299999999999
704.91 0.96085
704.97 0.9608199999999999
705.02 0.96488
705.08 0.96149
705.13 0.9658599999999999
705.19 0.96327
705.24 0.96197
705.3 0.9646899999999999
705.35 0.96152
705.41 0.9655400000000001
705.46 0.96222
705.51 0.9667
705.57 0.96297
705.62 0.96623
705.68 0.96477
705.73 0.96601
705.79 0.96214
705.84 0.96339
705.9 0.96451
705.95 0.9645900000000001
706.01 0.96615
706.06 0.9671500000000001
706.11 0.96584
706.17 0.9642499999999999
706.22 0.96647
706.28 0.96649
706.33 0.96569
706.39 0.9638100000000001
706.44 0.96718
706.49 0.9637600000000001
706.55 0.9606
706.6 0.96991
706.66 0.9673999999999999
706.71 0.96426
706.77 0.9665900000000001
706.82 0.9648699999999999
706.87 0.96776
706.93 0.96515
706.98 0.96615
707.04 0.96529
707.09 0.96538
707.15 0.9634699999999999
707.2 0.9642700000000001
707.25 0.9638599999999999
707.31 0.96792
707.36 0.96299
707.42 0.97119
707.47 0.96587
707.52 0.9661
707.58 0.96655
707.63 0.96501
707.69 0.9629000000000001
707.74 0.96732
707.79 0.96648
707.85 0.9663299999999999
707.9 0.9649
707.96 0.9691
708.01 0.96614
708.06 0.96446
708.12 0.96585
708.17 0.9627
708.23 0.9660500000000001
708.28 0.9651000000000001
708.33 0.9660599999999999
708.39 0.9669599999999999
708.44 0.9627500000000001
708.5 0.96493
708.55 0.96698
708.6 0.96773
708.66 0.96313
708.71 0.9626399999999999
708.76 0.96614
708.82 0.96604
708.87 0.96351
708.93 0.96761
708.98 0.9613200000000001
709.03 0.96173
709.09 0.9592
709.14 0.95962
709.19 0.96229
709.25 0.96069
709.3 0.95947
709.35 0.95682
709.41 0.96149
709.46 0.95808
709.52 0.95794
709.57 0.95883
709.62 0.95824
709.68 0.95672
709.73 0.95439
709.78 0.9573999999999999
709.84 0.96018
709.89 0.95646
709.94 0.95441
710.0 0.9546899999999999
710.05 0.95718
710.1 0.9514400000000001
710.16 0.95599
710.21 0.9499599999999999
710.26 0.95099
710.32 0.95317
710.37 0.95258
710.42 0.9506100000000001
710.48 0.9470399999999999
710.53 0.94697
710.58 0.9434600000000001
710.64 0.94868
710.69 0.9458
710.74 0.94266
710.8 0.9418500000000001
710.85 0.94155
710.9 0.9422799999999999
710.96 0.93672
711.01 0.93965
711.06 0.9389400000000001
711.11 0.93731
711.17 0.93586
711.22 0.9361
711.27 0.93651
711.33 0.93255
711.38 0.9333199999999999
711.43 0.93105
711.49 0.9303400000000001
711.54 0.92651
711.59 0.92814
711.65 0.92376
711.7 0.92581
711.75 0.92368
711.8 0.9224800000000001
711.86 0.9225
711.91 0.92132
711.96 0.91886
712.02 0.91842
712.07 0.9129200000000001
712.12 0.9157899999999999
712.17 0.91242
712.23 0.91062
712.28 0.90657
712.33 0.90877
712.39 0.9096899999999999
712.44 0.90499
712.49 0.9036
712.54 0.9058799999999999
712.6 0.90354
712.65 0.89976
712.7 0.90091
712.75 0.89925
712.81 0.89822
712.86 0.89658
712.91 0.8933
712.96 0.89324
713.02 0.89303
713.07 0.89069
713.12 0.8868300000000001
713.17 0.88488
713.23 0.8873099999999999
713.28 0.88388
713.33 0.8825
713.38 0.88074
713.44 0.87424
713.49 0.87715
713.54 0.87657
713.59 0.87253
713.65 0.8719199999999999
713.7 0.8698699999999999
713.75 0.8685200000000001
713.8 0.86554
713.86 0.8671
713.91 0.8649800000000001
713.96 0.8627400000000001
714.01 0.8631399999999999
714.07 0.8605800000000001
714.12 0.8572799999999999
714.17 0.85693
714.22 0.8552
714.27 0.85406
714.33 0.8563200000000001
714.38 0.84955
714.43 0.85174
714.48 0.8480800000000001
714.54 0.84423
714.59 0.84313
714.64 0.84408
714.69 0.8436499999999999
714.74 0.83772
714.8 0.83607
714.85 0.8384
714.9 0.83383
714.95 0.83354
715.0 0.83148
715.06 0.83244
715.11 0.82955
715.16 0.82624
715.21 0.82533
715.26 0.82441
715.32 0.8211499999999999
715.37 0.8211400000000001
715.42 0.8185899999999999
715.47 0.8165
715.52 0.81774
715.58 0.81529
715.63 0.81294
715.68 0.81596
715.73 0.81253
715.78 0.8080200000000001
715.83 0.8090600000000001
715.89 0.80475
715.94 0.80542
715.99 0.8078799999999999
716.04 0.8053199999999999
716.09 0.80472
716.14 0.8029999999999999
716.2 0.80334
716.25 0.79878
716.3 0.7954000000000001
716.35 0.79448
716.4 0.79549
716.45 0.79464
716.51 0.79244
716.56 0.7897799999999999
716.61 0.7910699999999999
716.66 0.78983
716.71 0.78495
716.76 0.7889
716.82 0.7856000000000001
716.87 0.78228
716.92 0.78066
716.97 0.7799299999999999
717.02 0.77801
717.07 0.77661
717.12 0.77724
717.17 0.77795
717.23 0.7755500000000001
717.28 0.77507
717.33 0.77453
717.38 0.7686
717.43 0.76642
717.48 0.7670999999999999
717.53 0.76485
717.59 0.76036
717.64 0.76345
717.69 0.7613599999999999
717.74 0.75878
717.79 0.75741
717.84 0.75426
717.89 0.75548
717.94 0.7526600000000001
717.99 0.7528900000000001
718.05 0.7497
718.1 0.74532
718.15 0.74602
718.2 0.74454
718.25 0.74125
718.3 0.7397400000000001
718.35 0.73961
718.4 0.73571
718.45 0.73009
718.5 0.73542
718.56 0.7287699999999999
718.61 0.7260500000000001
718.66 0.72336
718.71 0.7218899999999999
718.76 0.71856
718.81 0.71587
718.86 0.7142700000000001
718.91 0.7111
718.96 0.70882
719.01 0.70482
719.06 0.7040900000000001
719.12 0.70013
719.17 0.69589
719.22 0.6937000000000001
719.27 0.6918300000000001
719.32 0.68732
719.37 0.68381
719.42 0.67687
719.47 0.6738299999999999
719.52 0.67051
719.57 0.6662
719.62 0.6638200000000001
719.67 0.65924
719.72 0.65557
719.77 0.65061
719.82 0.6453700000000001
719.87 0.64161
719.93 0.6366499999999999
719.98 0.63637
720.03 0.62947
720.08 0.6227900000000001
720.13 0.61671
720.18 0.6138
720.23 0.6070300000000001
720.28 0.60049
720.33 0.5985199999999999
720.38 0.5914699999999999
720.43 0.58728
720.48 0.57861
720.53 0.57553
720.58 0.57085
720.63 0.56423
720.68 0.55837
720.73 0.55125
720.78 0.5452400000000001
720.83 0.5400699999999999
720.88 0.535
720.93 0.52707
720.98 0.52159
721.03 0.51474
721.08 0.50822
721.13 0.5004500000000001
721.18 0.4953
721.23 0.48872
721.28 0.48341999999999996
721.33 0.47586
721.38 0.47101
721.43 0.46348
721.48 0.45642000000000005
721.53 0.45261
721.58 0.44283
721.63 0.43622
721.68 0.42933
721.73 0.42263
721.78 0.41723999999999994
721.83 0.41129
721.88 0.40259999999999996
721.93 0.39698999999999995
721.98 0.38937
722.03 0.38597000000000004
722.08 0.37631
722.13 0.37107999999999997
722.18 0.36695999999999995
722.23 0.35942
722.28 0.35142
722.33 0.3483
722.38 0.34237
722.43 0.33604
722.48 0.32825000000000004
722.53 0.32209000000000004
722.58 0.3164
722.63 0.3126
722.68 0.30623
722.73 0.2989
722.78 0.29427
722.83 0.28832
722.88 0.28281
722.93 0.27764
722.98 0.27277
723.03 0.26708
723.07 0.26088
723.12 0.25623999999999997
723.17 0.25091
723.22 0.24498999999999999
723.27 0.24102
723.32 0.23613
723.37 0.23273
723.42 0.22731
723.47 0.22361999999999999
723.52 0.2187
723.57 0.21370999999999998
723.62 0.20919000000000001
723.67 0.20594
723.72 0.20085999999999998
723.77 0.19623000000000002
723.81 0.19224
723.86 0.19013000000000002
723.91 0.18462
723.96 0.18139
724.01 0.17767
724.06 0.17434000000000002
724.11 0.16978000000000001
724.16 0.16742
724.21 0.16348
724.26 0.15933999999999998
724.31 0.15496000000000001
724.36 0.15288000000000002
724.4 0.14905
724.45 0.14658
724.5 0.14332
724.55 0.1396
724.6 0.13837
724.65 0.13403
724.7 0.13185
724.75 0.12933
724.8 0.12627
724.84 0.12259
724.89 0.12061
724.94 0.11874000000000001
724.99 0.11553000000000001
725.04 0.11392
725.09 0.11099
725.14 0.10894
725.19 0.10789
725.24 0.10447
725.28 0.10293
725.33 0.10048
725.38 0.09808
725.43 0.09675
725.48 0.09444000000000001
725.53 0.09236000000000001
725.58 0.09058
725.62 0.08979
725.67 0.0867
725.72 0.08456
725.77 0.08306
725.82 0.08141999999999999
725.87 0.08013999999999999
725.92 0.07805
725.96 0.0771
726.01 0.0759
726.06 0.07397999999999999
726.11 0.07186
726.16 0.07048
726.21 0.06899
726.25 0.06758
726.3 0.06689
726.35 0.06501
726.4 0.06356
726.45 0.06232
726.5 0.06174
726.54 0.060039999999999996
726.59 0.05942
726.64 0.05776
726.69 0.05686
726.74 0.055540000000000006
726.79 0.05409
726.83 0.05309
726.88 0.05226
726.93 0.05159
726.98 0.050780000000000006
727.03 0.04999
727.07 0.0484
727.12 0.04742
727.17 0.04677
727.22 0.0463
727.27 0.04521
727.31 0.04412
727.36 0.043179999999999996
727.41 0.04197
727.46 0.04173
727.51 0.041319999999999996
727.55 0.04003
727.6 0.03964
727.65 0.03841
727.7 0.0382
727.75 0.03763
727.79 0.03628
727.84 0.03636
727.89 0.03521
727.94 0.035
727.98 0.034089999999999995
728.03 0.033769999999999994
728.08 0.03299
728.13 0.03238
728.18 0.03144
728.22 0.031120000000000002
728.27 0.03048
728.32 0.030459999999999997
728.37 0.02989
728.41 0.02932
728.46 0.028450000000000003
728.51 0.02811
728.56 0.02775
728.6 0.02726
728.65 0.026600000000000002
728.7 0.026690000000000002
728.75 0.02587
728.79 0.025179999999999998
728.84 0.024980000000000002
728.89 0.02426
728.94 0.02368
728.98 0.023639999999999998
729.03 0.02351
729.08 0.022959999999999998
729.13 0.022250000000000002
729.17 0.02221
729.22 0.02167
729.27 0.0213
729.32 0.02108
729.36 0.02035
729.41 0.020739999999999998
729.46 0.01966
729.5 0.01966
729.55 0.019870000000000002
729.6 0.01849
729.65 0.01854
729.69 0.01825
729.74 0.018000000000000002
729.79 0.01774
729.83 0.01748
729.88 0.01734
729.93 0.01693
729.97 0.01664
730.02 0.01636
730.07 0.016220000000000002
730.12 0.01584
730.16 0.01555
730.21 0.01554
730.26 0.015269999999999999
730.3 0.01542
730.35 0.01518
730.4 0.014530000000000001
730.44 0.01424
730.49 0.01369
730.54 0.013580000000000002
730.58 0.01353
730.63 0.013340000000000001
730.68 0.013600000000000001
730.72 0.01324
730.77 0.01283
730.82 0.01254
730.86 0.012549999999999999
730.91 0.012430000000000002
730.96 0.012159999999999999
731.0 0.01209
731.05 0.011970000000000001
731.1 0.01161
731.14 0.0116
731.19 0.01119
731.24 0.011080000000000001
731.28 0.01097
731.33 0.0108
731.38 0.01034
731.42 0.01054
731.47 0.010249999999999999
731.52 0.01034
731.56 0.00995
731.61 0.010169999999999998
731.66 0.00982
731.7 0.00942
731.75 0.00951
731.79 0.009260000000000001
731.84 0.00922
731.89 0.009000000000000001
731.93 0.00891
731.98 0.009000000000000001
732.03 0.0089
732.07 0.008409999999999999
732.12 0.00864
732.16 0.00828
732.21 0.00812
732.26 0.00821
732.3 0.00812
732.35 0.0076
732.4 0.00797
732.44 0.00747
732.49 0.0076300000000000005
732.53 0.00753
732.58 0.00773
732.63 0.00743
732.67 0.00711
732.72 0.00707
732.76 0.006840000000000001
732.81 0.00676
732.85 0.00681
732.9 0.00711
732.95 0.00661
732.99 0.006670000000000001
733.04 0.00639
733.08 0.00666
733.13 0.00622
733.18 0.00607
733.22 0.00611
733.27 0.00603
733.31 0.005849999999999999
733.36 0.00586
733.4 0.00569
733.45 0.00592
733.5 0.0057399999999999994
733.54 0.005639999999999999
733.59 0.00551
733.63 0.0053300000000000005
733.68 0.00545
733.72 0.0054600000000000004
733.77 0.00519
733.81 0.005
733.86 0.00506
733.91 0.0052
733.95 0.0049
734.0 0.00489
734.04 0.00483
734.09 0.00469
734.13 0.0046300000000000004
734.18 0.00492
734.22 0.00457
734.27 0.00462
734.31 0.00445
734.36 0.0043
734.4 0.00451
734.45 0.00457
734.5 0.00437
734.54 0.004050000000000001
734.59 0.00439
734.63 0.00398
734.68 0.00407
734.72 0.0039900000000000005
734.77 0.0042899999999999995
734.81 0.00384
734.86 0.0039000000000000003
734.9 0.00391
734.95 0.0037
734.99 0.00393
735.04 0.00387
735.08 0.00385
735.13 0.0034100000000000003
735.17 0.0034899999999999996
735.22 0.00369
735.26 0.0034000000000000002
735.31 0.0034100000000000003
735.35 0.00337
735.4 0.0035399999999999997
735.44 0.0034300000000000003
735.49 0.0034999999999999996
735.53 0.0032
735.58 0.00322
735.62 0.0033900000000000002
735.66 0.00313
735.71 0.00322
735.75 0.00321
735.8 0.00293
735.84 0.00311
735.89 0.00296
735.93 0.00294
735.98 0.00307
736.02 0.00297
736.07 0.0030399999999999997
736.11 0.0028399999999999996
736.16 0.00293
736.2 0.0028599999999999997
736.24 0.00292
736.29 0.0027
736.33 0.00261
736.38 0.0025900000000000003
736.42 0.00267
736.47 0.00265
736.51 0.00253
736.56 0.00251
736.6 0.0025700000000000002
736.64 0.00242
736.69 0.00267
736.73 0.0023499999999999997
736.78 0.0023899999999999998
736.82 0.00268
736.87 0.00249
736.91 0.00252
736.95 0.0023
737.0 0.00249
737.04 0.00245
737.09 0.00229
737.13 0.00233
737.18 0.0022400000000000002
737.22 0.00233
737.26 0.0022500000000000003
737.31 0.0023
737.35 0.00217
737.4 0.00216
737.44 0.00218
737.48 0.00193
737.53 0.00214
737.57 0.0020499999999999997
737.62 0.00199
737.66 0.00207
737.7 0.00211
737.75 0.00197
737.79 0.0018599999999999999
737.83 0.00202
737.88 0.00196
737.92 0.00188
737.97 0.00191
738.01 0.00193
738.05 0.00193
738.1 0.0018
738.14 0.00185
738.18 0.00182
738.23 0.002
738.27 0.0017399999999999998
738.32 0.00181
738.36 0.00179
738.4 0.00164
738.45 0.00188
738.49 0.0017299999999999998
738.53 0.00167
738.58 0.00167
738.62 0.00159
738.66 0.00159
738.71 0.00165
738.75 0.0016
738.79 0.0017000000000000001
738.84 0.0017100000000000001
738.88 0.00158
738.92 0.00151
738.97 0.0017299999999999998
739.01 0.00151
739.05 0.00155
739.1 0.00154
739.14 0.00155
739.18 0.00153
739.23 0.0016
739.27 0.0015199999999999999
739.31 0.0016200000000000001
739.36 0.00164
739.4 0.00151
739.44 0.00145
